gen_n200_m860_k3SAT_seed846804536.cnf-4130411675626725583.result 0.7772295781062767 0.0 1573.7518868293396
gen_n200_m860_k3SAT_seed3245143494.cnf522152705992494906.result 0.6010750164046119 0.0 1097.5343348874396
gen_n200_m860_k3SAT_seed1075832061.cnf5051574450482841826.result 0.7059350023213825 0.0 4559.224740478709
gen_n200_m860_k3SAT_seed3456510286.cnf2935188577664926060.result 0.6567865196931794 0.0 1241.2640159870598
gen_n200_m860_k3SAT_seed1912172752.cnf-2620924804444200338.result 0.8727042342711545 0.0 4385.342170294735
gen_n200_m860_k3SAT_seed378425480.cnf-7752410656036368737.result 1.0885929401796488 0.0 8291.76821347776
gen_n200_m860_k3SAT_seed3626164986.cnf-1035532792184053674.result 0.6962348214288335 0.0 1454.812554568908
gen_n200_m860_k3SAT_seed2620132035.cnf-8107321549588985717.result 0.5933290824827453 0.0 817.5253795139184
gen_n200_m860_k3SAT_seed3009686298.cnf3374607806067294793.result 0.6797087751286724 0.0 1503.1758507027444
gen_n200_m860_k3SAT_seed3450427736.cnf-2089681147562887573.result 0.7299925816722492 0.0 1516.3724478842894
gen_n200_m860_k3SAT_seed1441313772.cnf-5482456722617344961.result 0.6417642107731989 0.0 1119.1482343711696
gen_n200_m860_k3SAT_seed3437188108.cnf3401191820732033216.result 0.6688834026277616 0.0 694.8205982664499
gen_n200_m860_k3SAT_seed2945015644.cnf9098146045901779074.result 0.7149949375035597 0.0 2171.6671913700075
gen_n200_m860_k3SAT_seed400010023.cnf144891265773743352.result 0.7902022207811997 0.0 2864.4035260290043
gen_n200_m860_k3SAT_seed1555381953.cnf-14400953374975081.result 1.015122458305036 0.0 6539.863252257708
gen_n200_m860_k3SAT_seed1824069727.cnf1689991384190159651.result 0.8603610417872607 0.0 2146.2283540603835
gen_n200_m860_k3SAT_seed4253032545.cnf108502798503003319.result 1.2421090598369557 0.0 9633.124360090762
gen_n200_m860_k3SAT_seed3004849140.cnf-3018585655015793397.result 1.1006897544687453 0.0 11321.5681861367
gen_n200_m860_k3SAT_seed1760699802.cnf8774793322086234005.result 0.8289148447744153 0.0 1624.6787010776732
gen_n200_m860_k3SAT_seed402783643.cnf-7857716105790681095.result 1.3131217026220225 0.0 45563.10849310962
