gen_n60_m330_k3SAT_seed3080127367.cnf-715526239534668540.result 0.013333333333333334 0.9866666666666667 73.5 66687419.36824324
gen_n60_m330_k3SAT_seed65054740.cnf8327116353755681412.result 1.0 179.16666666666666
gen_n60_m330_k3SAT_seed2744776747.cnf-5704112912375239684.result 1.0 95.19333333333333
gen_n60_m330_k3SAT_seed3592574582.cnf4796285118727730068.result 1.0 77.15333333333334
gen_n60_m330_k3SAT_seed1674765457.cnf5284947443410977522.result 0.03 0.97 79.0 2825449.6529209623
gen_n60_m330_k3SAT_seed2247046193.cnf-2017895240533078179.result 1.0 66.05333333333333
gen_n60_m330_k3SAT_seed651213125.cnf5220768139842995762.result 1.0 1462118520.2
gen_n60_m330_k3SAT_seed1705680003.cnf3121888310419676293.result 1.0 110.6
gen_n60_m330_k3SAT_seed2323465142.cnf-8563753405306775685.result 1.0 311.1
gen_n60_m330_k3SAT_seed646892614.cnf3120499436186324823.result 1.0 313.17333333333335
gen_n60_m330_k3SAT_seed3728226181.cnf2313174854392152884.result 0.02 0.98 215.33333333333334 1596394.5170068026
gen_n60_m330_k3SAT_seed2019766389.cnf8992005980200970124.result 0.01 0.99 63.666666666666664 130546571117.79462
gen_n60_m330_k3SAT_seed2726705792.cnf4687597994967006045.result 1.0 135.05333333333334
gen_n60_m330_k3SAT_seed4276262007.cnf8643666910095216441.result 0.0033333333333333335 0.9966666666666667 43.0 1173129475.4682274
gen_n60_m330_k3SAT_seed3183652506.cnf6157243870161477539.result 0.0033333333333333335 0.9966666666666667 69.0 1142175381.6956522
gen_n60_m330_k3SAT_seed2045921457.cnf-1048347571663351969.result 0.023333333333333334 0.9766666666666667 118.42857142857143 5397380.877133106
gen_n60_m330_k3SAT_seed2360647896.cnf-7901283747506674198.result 0.016666666666666666 0.9833333333333333 80.2 31044743.783050846
gen_n60_m330_k3SAT_seed3976433077.cnf-4651147194133621702.result 0.0033333333333333335 0.9966666666666667 21.0 131236246.42140469
gen_n60_m330_k3SAT_seed3698061794.cnf7736151544221720702.result 0.9866666666666667 0.013333333333333334 451667191.3614865 2945188473.25
gen_n60_m330_k3SAT_seed996097415.cnf-9202878203296986585.result 0.006666666666666667 0.9933333333333333 103.5 2767951612.8120804
