gen_n60_m330_k3SAT_seed3080127367.cnf-715526239534668540.result 1.9518260219482826 0.0 32251936.448216483
gen_n60_m330_k3SAT_seed65054740.cnf8327116353755681412.result 0.6671981957863216 0.0 143.09402758505175
gen_n60_m330_k3SAT_seed2744776747.cnf-5704112912375239684.result 0.583731207026303 0.0 79.26019196177867
gen_n60_m330_k3SAT_seed3592574582.cnf4796285118727730068.result 0.5108858917022989 0.0 67.76757566742756
gen_n60_m330_k3SAT_seed1674765457.cnf5284947443410977522.result 2.1373790048627055 0.0 1157479.6212684629
gen_n60_m330_k3SAT_seed2247046193.cnf-2017895240533078179.result 0.48071280515380094 0.0 58.27005987418079
gen_n60_m330_k3SAT_seed651213125.cnf5220768139842995762.result 1.1663046471210106 0.0 855331976.5675443
gen_n60_m330_k3SAT_seed1705680003.cnf3121888310419676293.result 0.5344227284844033 0.0 95.5981238214992
gen_n60_m330_k3SAT_seed2323465142.cnf-8563753405306775685.result 0.7584707549007869 0.0 236.2668996583899
gen_n60_m330_k3SAT_seed646892614.cnf3120499436186324823.result 0.874778970745987 0.0 216.32645359002007
gen_n60_m330_k3SAT_seed3728226181.cnf2313174854392152884.result 1.717327597451603 0.0 802009.0876940726
gen_n60_m330_k3SAT_seed2019766389.cnf8992005980200970124.result 2.3940535412751855 0.0 62666816979.60821
gen_n60_m330_k3SAT_seed2726705792.cnf4687597994967006045.result 0.6753133871948848 0.0 106.01310605543163
gen_n60_m330_k3SAT_seed4276262007.cnf8643666910095216441.result 1.5120615797552008 0.0 658715661.5794395
gen_n60_m330_k3SAT_seed3183652506.cnf6157243870161477539.result 1.5054746305398448 0.0 647276529.4439713
gen_n60_m330_k3SAT_seed2045921457.cnf-1048347571663351969.result 2.0356855768548625 0.0 2307881.842499069
gen_n60_m330_k3SAT_seed2360647896.cnf-7901283747506674198.result 2.0492687174376734 0.0 13155762.088448111
gen_n60_m330_k3SAT_seed3976433077.cnf-4651147194133621702.result 1.5398696157897738 0.0 68641640.67734127
gen_n60_m330_k3SAT_seed3698061794.cnf7736151544221720702.result 1.357626356510395 0.0 258155525.23336393
gen_n60_m330_k3SAT_seed996097415.cnf-9202878203296986585.result 1.8366431130207994 0.0 1405948079.5553038
