gen_n120_m625_k3SAT_seed4002250474.cnf-2963283291076803229.result 0.0033333333333333335 0.0033333333333333335 0.9933333333333333 259.0 948281.0 11785479027.852348
gen_n120_m625_k3SAT_seed3741058123.cnf-7214606595188368390.result 0.0033333333333333335 0.9966666666666667 847.0 157392525.07692307
gen_n120_m625_k3SAT_seed2998485883.cnf-8796603504740353600.result 0.0033333333333333335 0.0033333333333333335 0.9933333333333333 111.0 543802.0 1017791186.8624161
gen_n120_m625_k3SAT_seed3898757036.cnf4567764358842570244.result 0.01 0.99 258.6666666666667 67666563829.54208
gen_n120_m625_k3SAT_seed154293799.cnf4218287888678458945.result 0.10666666666666667 0.8933333333333333 635.1875 78814.71641791044
gen_n120_m625_k3SAT_seed1193448330.cnf-5627216606837767319.result 0.06 0.94 1476.2777777777778 597758.5
gen_n120_m625_k3SAT_seed1461364855.cnf-3592913410653813758.result 0.0033333333333333335 0.9966666666666667 202.0 573912623.1438127
gen_n120_m625_k3SAT_seed1563430074.cnf2825780392727665198.result 0.056666666666666664 0.9433333333333334 594.3529411764706 3863422.335689046
gen_n120_m625_k3SAT_seed924765564.cnf3779987867844568136.result 1.0 12156.386666666667
gen_n120_m625_k3SAT_seed1632151664.cnf-665516454105394466.result 0.20333333333333334 0.79 0.006666666666666667 855.983606557377 78920.74683544303 566964.5
gen_n120_m625_k3SAT_seed1819395239.cnf4291185653259211964.result 0.03 0.97 617.2222222222222 5508871.697594502
gen_n120_m625_k3SAT_seed1815115026.cnf92698085241473569.result 0.0033333333333333335 0.9966666666666667 416.0 8681852756.120401
gen_n120_m625_k3SAT_seed667779377.cnf-8401480976436315613.result 0.0033333333333333335 0.9966666666666667 546.0 7961122116.110368
gen_n120_m625_k3SAT_seed117874758.cnf-7705714603026718025.result 0.023333333333333334 0.9766666666666667 13396.42857142857 5171640.890784983
gen_n120_m625_k3SAT_seed3279182319.cnf-4722652817683412901.result 0.02666666666666667 0.9733333333333334 1091.875 524798.7260273972
gen_n120_m625_k3SAT_seed1367797299.cnf-2744082863750870841.result 0.006666666666666667 0.016666666666666666 0.9766666666666667 269.0 2849326.2 1253672247.6552901
gen_n120_m625_k3SAT_seed1996703905.cnf-7071713040578909641.result 0.02 0.0033333333333333335 0.9766666666666667 814.8333333333334 2625.0 1004677.5631399318
gen_n120_m625_k3SAT_seed3460967358.cnf2619856624980352251.result 0.056666666666666664 0.013333333333333334 0.93 1032.8823529411766 4484.0 375798.623655914
gen_n120_m625_k3SAT_seed685731525.cnf-7801123389691242517.result 0.023333333333333334 0.0033333333333333335 0.9733333333333334 486.2857142857143 602155.0 2135050220.489726
gen_n120_m625_k3SAT_seed4111198820.cnf8886318912347348303.result 1.0 24986157234.146667
