gen_n120_m625_k3SAT_seed4002250474.cnf-2963283291076803229.result 1.7762392072367603 0.0 5496957058.498216
gen_n120_m625_k3SAT_seed3741058123.cnf-7214606595188368390.result 1.3991486941683717 0.0 86220136.60302252
gen_n120_m625_k3SAT_seed2998485883.cnf-8796603504740353600.result 1.518973455832197 0.0 552980365.1632861
gen_n120_m625_k3SAT_seed3898757036.cnf4567764358842570244.result 2.2469415054856183 0.0 30276338104.357758
gen_n120_m625_k3SAT_seed154293799.cnf4218287888678458945.result 1.7757878597221526 0.0 29513.731774669413
gen_n120_m625_k3SAT_seed1193448330.cnf-5627216606837767319.result 1.8369502704198781 0.0 235536.4280395235
gen_n120_m625_k3SAT_seed1461364855.cnf-3592913410653813758.result 1.5007980066954552 0.0 310690590.1516223
gen_n120_m625_k3SAT_seed1563430074.cnf2825780392727665198.result 2.3159105849267667 0.0 1319570.051269816
gen_n120_m625_k3SAT_seed924765564.cnf3779987867844568136.result 1.298518786574313 0.0 6392.291679409962
gen_n120_m625_k3SAT_seed1632151664.cnf-665516454105394466.result 1.9903551884916075 0.0 21321.38381723232
gen_n120_m625_k3SAT_seed1819395239.cnf4291185653259211964.result 1.9093070180951948 0.0 2502589.1189416912
gen_n120_m625_k3SAT_seed1815115026.cnf92698085241473569.result 1.5079883024306406 0.0 4909994771.363793
gen_n120_m625_k3SAT_seed667779377.cnf-8401480976436315613.result 1.5567076530433814 0.0 4232991955.7457805
gen_n120_m625_k3SAT_seed117874758.cnf-7705714603026718025.result 1.5059212713305339 0.0 2647492.7123232465
gen_n120_m625_k3SAT_seed3279182319.cnf-4722652817683412901.result 1.5554841838966078 0.0 252789.08249870085
gen_n120_m625_k3SAT_seed1367797299.cnf-2744082863750870841.result 1.8511345150291634 0.0 592796180.2118238
gen_n120_m625_k3SAT_seed1996703905.cnf-7071713040578909641.result 1.5731683807545631 0.0 519055.96422491054
gen_n120_m625_k3SAT_seed3460967358.cnf2619856624980352251.result 1.7876410600848316 0.0 153020.602982222
gen_n120_m625_k3SAT_seed685731525.cnf-7801123389691242517.result 2.615557664009013 0.0 822681984.1334172
gen_n120_m625_k3SAT_seed4111198820.cnf8886318912347348303.result 1.2833047950937593 0.0 13750959711.453314
