gen_n210_m903_k3SAT_seed2473397791.cnf274711055315094377.result 0.6863858535665244 0.0 2556.172773330067
gen_n210_m903_k3SAT_seed862748622.cnf3050831085232401611.result 0.8970358888431201 0.0 9107.32755227854
gen_n210_m903_k3SAT_seed4006075830.cnf511258964238176971.result 0.6461193728971144 0.0 1037.5783524216602
gen_n210_m903_k3SAT_seed1547818438.cnf-6580240572475730667.result 0.6653048525980457 0.0 1096.568649974102
gen_n210_m903_k3SAT_seed3919912883.cnf3512834546295320706.result 0.6268941940325119 0.0 1242.1285083311452
gen_n210_m903_k3SAT_seed2090369458.cnf-7480313678723695921.result 1.365136060688416 0.0 184285.90314133622
gen_n210_m903_k3SAT_seed3877340932.cnf-220388870250442976.result 0.9447601065850884 0.0 4856.986792938257
gen_n210_m903_k3SAT_seed418978019.cnf2062464158661401483.result 0.9740218388631727 0.0 5614.2194183137735
gen_n210_m903_k3SAT_seed832034019.cnf-3506205405602240084.result 1.3369761890765823 0.0 122264.25642362116
gen_n210_m903_k3SAT_seed1250623881.cnf5453691520130714824.result 1.2299464542206926 0.0 139433.78250849832
gen_n210_m903_k3SAT_seed3420558613.cnf1270493465677360545.result 1.184367881078229 0.0 41811.6535894983
gen_n210_m903_k3SAT_seed3576518490.cnf-3060050591954702374.result 0.8317541109959338 0.0 4511.306716297095
gen_n210_m903_k3SAT_seed4086115941.cnf1136770143920105027.result 0.8081792766649927 0.0 1943.3669673067855
gen_n210_m903_k3SAT_seed2726955691.cnf-4242703897563379310.result 0.8692378717020608 0.0 14116.451794481574
gen_n210_m903_k3SAT_seed2210409897.cnf5197491548027125977.result 0.8076615227881404 0.0 1860.0300938631742
gen_n210_m903_k3SAT_seed3906320868.cnf-4184611193305910544.result 0.6559243828596748 0.0 1312.2820597524824
gen_n210_m903_k3SAT_seed196207409.cnf-2265346220747538987.result 0.84216617857865 0.0 2062.109835475362
gen_n210_m903_k3SAT_seed2527888016.cnf6151116483829003854.result 0.5799270888958168 0.0 800.2577132633575
gen_n210_m903_k3SAT_seed2814938700.cnf-529288850232636534.result 0.9613742459280098 0.0 5257.616158119321
gen_n210_m903_k3SAT_seed3555821415.cnf1523863627787584102.result 0.5928835971170464 0.0 1036.3848712662925
