gen_n50_m275_k3SAT_seed3933953014.cnf-8317846053870774959.result 0.016666666666666666 0.9833333333333333 58.0 1122452022.4644067
gen_n50_m275_k3SAT_seed823534632.cnf7615957582929878151.result 1.0 48.806666666666665
gen_n50_m275_k3SAT_seed56556070.cnf8179108615259937676.result 1.0 57.973333333333336
gen_n50_m275_k3SAT_seed2015337561.cnf4193584240156362355.result 0.01 0.99 69.0 23936302.30976431
gen_n50_m275_k3SAT_seed1006443828.cnf-4961115986754665064.result 0.013333333333333334 0.9866666666666667 76.25 1259380.7263513512
gen_n50_m275_k3SAT_seed1113916997.cnf1238145679872042884.result 0.03333333333333333 0.9666666666666667 189.8 874855.7655172413
gen_n50_m275_k3SAT_seed2601030206.cnf-1655110853862828106.result 1.0 140.17666666666668
gen_n50_m275_k3SAT_seed1588945317.cnf-4276748896958626776.result 1.0 166.20666666666668
gen_n50_m275_k3SAT_seed281444314.cnf-8485638105260863754.result 0.01 0.99 56.0 10888558.888888888
gen_n50_m275_k3SAT_seed2337446731.cnf-3566243377172859107.result 0.02 0.98 60.5 963221157.1734694
gen_n50_m275_k3SAT_seed2494740734.cnf-3483296404361882349.result 0.06666666666666667 0.9333333333333333 92.1 163796.75357142856
gen_n50_m275_k3SAT_seed3596902314.cnf-414822555163282702.result 0.03666666666666667 0.9633333333333334 123.18181818181819 136963.62629757787
gen_n50_m275_k3SAT_seed2687448231.cnf-15748523910383918.result 1.0 494.47333333333336
gen_n50_m275_k3SAT_seed2036044447.cnf-6265997042966714236.result 0.006666666666666667 0.9933333333333333 100.5 2918541.8322147653
gen_n50_m275_k3SAT_seed3903345312.cnf2922662008159748967.result 1.0 103.23
gen_n50_m275_k3SAT_seed1022050302.cnf1309571695633557482.result 0.05 0.95 119.53333333333333 160157.26315789475
gen_n50_m275_k3SAT_seed560161642.cnf1725616428769673202.result 0.013333333333333334 0.9866666666666667 55.75 33163700.347972974
gen_n50_m275_k3SAT_seed2593816830.cnf2817437650892336200.result 0.013333333333333334 0.9866666666666667 81.75 29888869.550675675
gen_n50_m275_k3SAT_seed2365602029.cnf550039120288444364.result 1.0 103.97666666666667
gen_n50_m275_k3SAT_seed2545373331.cnf-1006892909181018201.result 1.0 81.97
