gen_n50_m275_k3SAT_seed3933953014.cnf-8317846053870774959.result 2.4075589410532046 0.0 482475073.88001895
gen_n50_m275_k3SAT_seed823534632.cnf7615957582929878151.result 0.4869175539133992 0.0 43.00892510108393
gen_n50_m275_k3SAT_seed56556070.cnf8179108615259937676.result 0.5185801362394411 0.0 50.04022819567462
gen_n50_m275_k3SAT_seed2015337561.cnf4193584240156362355.result 1.758244453634753 0.0 12022361.720688963
gen_n50_m275_k3SAT_seed1006443828.cnf-4961115986754665064.result 1.6900864068826513 0.0 603735.3967021336
gen_n50_m275_k3SAT_seed1113916997.cnf1238145679872042884.result 1.9562949917975743 0.0 370687.3667617757
gen_n50_m275_k3SAT_seed2601030206.cnf-1655110853862828106.result 0.7005078369220991 0.0 109.14951034200293
gen_n50_m275_k3SAT_seed1588945317.cnf-4276748896958626776.result 0.72312712264134 0.0 126.58668615891943
gen_n50_m275_k3SAT_seed281444314.cnf-8485638105260863754.result 1.7648248263531816 0.0 5132177.005947174
gen_n50_m275_k3SAT_seed2337446731.cnf-3566243377172859107.result 2.609494795501168 0.0 372266109.4579666
gen_n50_m275_k3SAT_seed2494740734.cnf-3483296404361882349.result 2.1179522353135334 0.0 55112.12617425155
gen_n50_m275_k3SAT_seed3596902314.cnf-414822555163282702.result 1.715277057865267 0.0 61972.656154668075
gen_n50_m275_k3SAT_seed2687448231.cnf-15748523910383918.result 0.9788809775951874 0.0 310.52486998762026
gen_n50_m275_k3SAT_seed2036044447.cnf-6265997042966714236.result 1.3941450056166482 0.0 1656304.2997089503
gen_n50_m275_k3SAT_seed3903345312.cnf2922662008159748967.result 0.6199364518074203 0.0 84.70466026263061
gen_n50_m275_k3SAT_seed1022050302.cnf1309571695633557482.result 1.9413986307989308 0.0 63321.84123976585
gen_n50_m275_k3SAT_seed560161642.cnf1725616428769673202.result 1.8970463083803344 0.0 16685305.617985513
gen_n50_m275_k3SAT_seed2593816830.cnf2817437650892336200.result 1.9251385239612404 0.0 14147782.578382488
gen_n50_m275_k3SAT_seed2365602029.cnf550039120288444364.result 0.664319910643066 0.0 83.7636807248079
gen_n50_m275_k3SAT_seed2545373331.cnf-1006892909181018201.result 0.5754990271286764 0.0 69.44299719772721
