gen_n30_m165_k3SAT_seed953174253.cnf4244851760390399699.result 1.0 29.743333333333332
gen_n30_m165_k3SAT_seed1242859371.cnf-1499461942424923123.result 0.05 0.95 41.666666666666664 386722.41403508774
gen_n30_m165_k3SAT_seed252746183.cnf2789739908721680601.result 1.0 30.486666666666668
gen_n30_m165_k3SAT_seed443094728.cnf6015460707537611069.result 1.0 94.64333333333333
gen_n30_m165_k3SAT_seed2056767044.cnf457729198271041384.result 1.0 43.306666666666665
gen_n30_m165_k3SAT_seed1013818840.cnf-4969378402838085704.result 0.07333333333333333 0.9266666666666666 31.454545454545453 15300.388489208633
gen_n30_m165_k3SAT_seed3942586890.cnf-3253099957051326189.result 1.0 45.57333333333333
gen_n30_m165_k3SAT_seed3286348377.cnf62363112112582135.result 1.0 81.72
gen_n30_m165_k3SAT_seed3097603022.cnf-4356467560991937774.result 0.03666666666666667 0.9633333333333334 18.0 294874.73702422145
gen_n30_m165_k3SAT_seed1302657533.cnf-1501433639903096045.result 1.0 98.44
gen_n30_m165_k3SAT_seed285680178.cnf-1391234270095174120.result 0.08666666666666667 0.9133333333333333 45.84615384615385 59834.20802919708
gen_n30_m165_k3SAT_seed665600859.cnf-4583122685506009005.result 0.08333333333333333 0.9166666666666666 39.44 172465.96363636362
gen_n30_m165_k3SAT_seed1701057194.cnf-5911126865076967316.result 1.0 29.026666666666667
gen_n30_m165_k3SAT_seed85114132.cnf5172827534856544194.result 1.0 213.10333333333332
gen_n30_m165_k3SAT_seed1724820279.cnf1445999200169110359.result 0.08333333333333333 0.9166666666666666 40.24 60646.454545454544
gen_n30_m165_k3SAT_seed4252124243.cnf3480586369246579910.result 1.0 88.35333333333334
gen_n30_m165_k3SAT_seed2234840152.cnf-5547827261608513008.result 0.06666666666666667 0.9333333333333333 37.05 41840.46785714286
gen_n30_m165_k3SAT_seed2359662951.cnf-3598277952526054008.result 1.0 61.04
gen_n30_m165_k3SAT_seed3437916672.cnf-4862134119778693425.result 0.06333333333333334 0.9366666666666666 45.68421052631579 13171.313167259786
gen_n30_m165_k3SAT_seed386977620.cnf-807596567167686737.result 1.0 83.28
