gen_n30_m165_k3SAT_seed953174253.cnf4244851760390399699.result 0.5535263736659171 0.0 25.182835135931423
gen_n30_m165_k3SAT_seed1242859371.cnf-1499461942424923123.result 2.2672291852597906 0.0 147985.39751014728
gen_n30_m165_k3SAT_seed252746183.cnf2789739908721680601.result 0.5749622502972705 0.0 25.82369044453267
gen_n30_m165_k3SAT_seed443094728.cnf6015460707537611069.result 0.7571506163577041 0.0 72.6126088827922
gen_n30_m165_k3SAT_seed2056767044.cnf457729198271041384.result 0.6877238039298973 0.0 33.981504591053806
gen_n30_m165_k3SAT_seed1013818840.cnf-4969378402838085704.result 1.9118174385889946 0.0 5788.721508043012
gen_n30_m165_k3SAT_seed3942586890.cnf-3253099957051326189.result 0.7987071569186135 0.0 32.72603907091568
gen_n30_m165_k3SAT_seed3286348377.cnf62363112112582135.result 0.7267627038444894 0.0 62.394520790242034
gen_n30_m165_k3SAT_seed3097603022.cnf-4356467560991937774.result 2.084881211287525 0.0 126684.71463479636
gen_n30_m165_k3SAT_seed1302657533.cnf-1501433639903096045.result 0.8973323328263476 0.0 67.03990917871064
gen_n30_m165_k3SAT_seed285680178.cnf-1391234270095174120.result 2.22994854725864 0.0 19493.303761327898
gen_n30_m165_k3SAT_seed665600859.cnf-4583122685506009005.result 2.503997167917187 0.0 52661.91526970037
gen_n30_m165_k3SAT_seed1701057194.cnf-5911126865076967316.result 0.4841430002252969 0.0 25.773187427602757
gen_n30_m165_k3SAT_seed85114132.cnf5172827534856544194.result 1.0416847605329056 0.0 131.69955205867012
gen_n30_m165_k3SAT_seed1724820279.cnf1445999200169110359.result 2.24835037372242 0.0 20191.394002725105
gen_n30_m165_k3SAT_seed4252124243.cnf3480586369246579910.result 0.7534106090573071 0.0 67.33352105939792
gen_n30_m165_k3SAT_seed2234840152.cnf-5547827261608513008.result 2.0591863213491695 0.0 15832.800149914803
gen_n30_m165_k3SAT_seed2359662951.cnf-3598277952526054008.result 0.7625932525017325 0.0 45.519679537489594
gen_n30_m165_k3SAT_seed3437916672.cnf-4862134119778693425.result 1.7680007521492267 0.0 5228.896389687541
gen_n30_m165_k3SAT_seed386977620.cnf-807596567167686737.result 0.770377019625468 0.0 61.216399606464165
