gen_n180_m774_k3SAT_seed2464538601.cnf-4427941369665934060.result 0.9366666666666666 0.06333333333333334 6180.921708185054 32418.0
gen_n180_m774_k3SAT_seed2019726627.cnf-5576223184683215057.result 1.0 1955.65
gen_n180_m774_k3SAT_seed2083207871.cnf5123902406589080641.result 0.9766666666666667 0.023333333333333334 4988.334470989761 31723.571428571428
gen_n180_m774_k3SAT_seed94015970.cnf-7497415843189266206.result 1.0 2993.4533333333334
gen_n180_m774_k3SAT_seed158152504.cnf9018696937790626762.result 1.0 2176.56
gen_n180_m774_k3SAT_seed3263018221.cnf4095206723485548344.result 0.9633333333333334 0.03666666666666667 1924.3494809688582 10844.636363636364
gen_n180_m774_k3SAT_seed3307725434.cnf8106709369075775854.result 1.0 671.8166666666667
gen_n180_m774_k3SAT_seed346043754.cnf-97177574995951143.result 1.0 2690.2633333333333
gen_n180_m774_k3SAT_seed1371750993.cnf1628080142987304160.result 0.16666666666666666 0.8333333333333334 1854.74 29288.944
gen_n180_m774_k3SAT_seed1940105.cnf8275179822514474066.result 1.0 127399.44
gen_n180_m774_k3SAT_seed3530265751.cnf-2185924381829462318.result 0.9866666666666667 0.013333333333333334 7080.523648648648 45756.5
gen_n180_m774_k3SAT_seed1123655738.cnf-4971030886054769832.result 0.96 0.04 43816.20138888889 239047.75
gen_n180_m774_k3SAT_seed2518931408.cnf4044347177351347406.result 1.0 19569.05
gen_n180_m774_k3SAT_seed625252808.cnf4571571320493852415.result 1.0 2992.55
gen_n180_m774_k3SAT_seed2846784053.cnf-1468102548290959518.result 1.0 1301.6233333333332
gen_n180_m774_k3SAT_seed1602711602.cnf8519392794254051655.result 1.0 2010.71
gen_n180_m774_k3SAT_seed3407369727.cnf7247291005937802624.result 1.0 1579.5866666666666
gen_n180_m774_k3SAT_seed4146867239.cnf5223175929851631309.result 1.0 54430.5
gen_n180_m774_k3SAT_seed3273696372.cnf-2142062424210445003.result 1.0 1526.8666666666666
gen_n180_m774_k3SAT_seed3156097730.cnf-2101899784331914950.result 1.0 2940.55
