gen_n180_m774_k3SAT_seed2464538601.cnf-4427941369665934060.result 1.0205176889405871 0.0 4817.098582754599
gen_n180_m774_k3SAT_seed2019726627.cnf-5576223184683215057.result 0.8239423826469094 0.0 1374.9932789551324
gen_n180_m774_k3SAT_seed2083207871.cnf5123902406589080641.result 0.9465478717835634 0.0 3651.8081968094375
gen_n180_m774_k3SAT_seed94015970.cnf-7497415843189266206.result 0.8820883826372676 0.0 2045.432218567809
gen_n180_m774_k3SAT_seed158152504.cnf9018696937790626762.result 0.8177462410422807 0.0 1537.116531648809
gen_n180_m774_k3SAT_seed3263018221.cnf4095206723485548344.result 0.8153310183901171 0.0 1572.970862624082
gen_n180_m774_k3SAT_seed3307725434.cnf8106709369075775854.result 0.5805133377453147 0.0 558.7001614671851
gen_n180_m774_k3SAT_seed346043754.cnf-97177574995951143.result 0.9153541536202425 0.0 1805.0569193525416
gen_n180_m774_k3SAT_seed1371750993.cnf1628080142987304160.result 1.2743165664439728 0.0 12539.088248299826
gen_n180_m774_k3SAT_seed1940105.cnf8275179822514474066.result 1.1625394436950105 0.0 76588.25866579918
gen_n180_m774_k3SAT_seed3530265751.cnf-2185924381829462318.result 0.9887272096347751 0.0 4888.7694653052295
gen_n180_m774_k3SAT_seed1123655738.cnf-4971030886054769832.result 1.2998005593465434 0.0 27269.879496396683
gen_n180_m774_k3SAT_seed2518931408.cnf4044347177351347406.result 1.1433777465458004 0.0 11731.826098582527
gen_n180_m774_k3SAT_seed625252808.cnf4571571320493852415.result 0.8511826776567953 0.0 2189.44711357997
gen_n180_m774_k3SAT_seed2846784053.cnf-1468102548290959518.result 0.6489488669337371 0.0 1049.1392266144169
gen_n180_m774_k3SAT_seed1602711602.cnf8519392794254051655.result 0.7469814192212588 0.0 1508.2710820336058
gen_n180_m774_k3SAT_seed3407369727.cnf7247291005937802624.result 0.7428359382692203 0.0 1200.6061422640987
gen_n180_m774_k3SAT_seed4146867239.cnf5223175929851631309.result 1.056989185010203 0.0 33291.0263491902
gen_n180_m774_k3SAT_seed3273696372.cnf-2142062424210445003.result 0.7006979932755919 0.0 1207.1487123903275
gen_n180_m774_k3SAT_seed3156097730.cnf-2101899784331914950.result 0.8873323735596779 0.0 2031.4655310034705
