barthel/n210/gen_n210_m903_k3SAT_seed2473397791.cnf,0.6863858535665244,0.0,2556.172773330067
barthel/n210/gen_n210_m903_k3SAT_seed862748622.cnf,0.8970358888431201,0.0,9107.32755227854
barthel/n210/gen_n210_m903_k3SAT_seed4006075830.cnf,0.6461193728971144,0.0,1037.5783524216602
barthel/n210/gen_n210_m903_k3SAT_seed1547818438.cnf,0.6653048525980457,0.0,1096.568649974102
barthel/n210/gen_n210_m903_k3SAT_seed3919912883.cnf,0.6268941940325119,0.0,1242.1285083311452
barthel/n210/gen_n210_m903_k3SAT_seed2090369458.cnf,1.365136060688416,0.0,184285.90314133622
barthel/n210/gen_n210_m903_k3SAT_seed3877340932.cnf,0.9447601065850884,0.0,4856.986792938257
barthel/n210/gen_n210_m903_k3SAT_seed418978019.cnf,0.9740218388631727,0.0,5614.2194183137735
barthel/n210/gen_n210_m903_k3SAT_seed832034019.cnf,1.3369761890765823,0.0,122264.25642362116
barthel/n210/gen_n210_m903_k3SAT_seed1250623881.cnf,1.2299464542206926,0.0,139433.78250849832
barthel/n210/gen_n210_m903_k3SAT_seed3420558613.cnf,1.184367881078229,0.0,41811.6535894983
barthel/n210/gen_n210_m903_k3SAT_seed3576518490.cnf,0.8317541109959338,0.0,4511.306716297095
barthel/n210/gen_n210_m903_k3SAT_seed4086115941.cnf,0.8081792766649927,0.0,1943.3669673067855
barthel/n210/gen_n210_m903_k3SAT_seed2726955691.cnf,0.8692378717020608,0.0,14116.451794481574
barthel/n210/gen_n210_m903_k3SAT_seed2210409897.cnf,0.8076615227881404,0.0,1860.0300938631742
barthel/n210/gen_n210_m903_k3SAT_seed3906320868.cnf,0.6559243828596748,0.0,1312.2820597524824
barthel/n210/gen_n210_m903_k3SAT_seed196207409.cnf,0.84216617857865,0.0,2062.109835475362
barthel/n210/gen_n210_m903_k3SAT_seed2527888016.cnf,0.5799270888958168,0.0,800.2577132633575
barthel/n210/gen_n210_m903_k3SAT_seed2814938700.cnf,0.9613742459280098,0.0,5257.616158119321
barthel/n210/gen_n210_m903_k3SAT_seed3555821415.cnf,0.5928835971170464,0.0,1036.3848712662925
barthel/n220/gen_n220_m946_k3SAT_seed2163334659.cnf,0.724367971723934,0.0,3079.012832644125
barthel/n220/gen_n220_m946_k3SAT_seed3832864776.cnf,0.6777137192974124,0.0,1052.668608174984
barthel/n220/gen_n220_m946_k3SAT_seed2997502133.cnf,0.6588318720781717,0.0,1140.8334338938491
barthel/n220/gen_n220_m946_k3SAT_seed1307063375.cnf,0.5892177148722756,0.0,754.9428052403267
barthel/n220/gen_n220_m946_k3SAT_seed2768414827.cnf,0.7205827148419729,0.0,1756.13319288691
barthel/n220/gen_n220_m946_k3SAT_seed2530408929.cnf,0.5758665844714508,0.0,906.75293217405
barthel/n220/gen_n220_m946_k3SAT_seed3459617285.cnf,0.7352058660568412,0.0,2810.6181483423384
barthel/n220/gen_n220_m946_k3SAT_seed513612264.cnf,0.8303192226088201,0.0,8590.47781302722
barthel/n220/gen_n220_m946_k3SAT_seed1552099922.cnf,1.1451044576967775,0.0,7876.972109162511
barthel/n220/gen_n220_m946_k3SAT_seed1051819048.cnf,0.760843529299352,0.0,1920.054722767895
barthel/n220/gen_n220_m946_k3SAT_seed3935451372.cnf,0.8250053783500685,0.0,2555.289586409248
barthel/n220/gen_n220_m946_k3SAT_seed2720769240.cnf,0.9982652358210354,0.0,4967.637985990774
barthel/n220/gen_n220_m946_k3SAT_seed2584484727.cnf,0.7305283672035217,0.0,1853.7777502757597
barthel/n220/gen_n220_m946_k3SAT_seed2148158613.cnf,0.6550200639997419,0.0,1413.0257336734749
barthel/n220/gen_n220_m946_k3SAT_seed4166258070.cnf,1.1267369175250017,0.0,10484.080439297888
barthel/n220/gen_n220_m946_k3SAT_seed4193498716.cnf,0.8057754149349877,0.0,2245.9631816577157
barthel/n220/gen_n220_m946_k3SAT_seed1534933776.cnf,0.9989328333657811,0.0,8206.421427402292
barthel/n220/gen_n220_m946_k3SAT_seed1845498498.cnf,0.6985731562719953,0.0,2363.924326580707
barthel/n220/gen_n220_m946_k3SAT_seed122071483.cnf,1.3914916042129482,0.0,16394.236119364352
barthel/n220/gen_n220_m946_k3SAT_seed385204719.cnf,0.7830356829064846,0.0,2963.487419161763
barthel/n200/gen_n200_m860_k3SAT_seed846804536.cnf,0.7772295781062767,0.0,1573.7518868293396
barthel/n200/gen_n200_m860_k3SAT_seed3245143494.cnf,0.6010750164046119,0.0,1097.5343348874396
barthel/n200/gen_n200_m860_k3SAT_seed1075832061.cnf,0.7059350023213825,0.0,4559.224740478709
barthel/n200/gen_n200_m860_k3SAT_seed3456510286.cnf,0.6567865196931794,0.0,1241.2640159870598
barthel/n200/gen_n200_m860_k3SAT_seed1912172752.cnf,0.8727042342711545,0.0,4385.342170294735
barthel/n200/gen_n200_m860_k3SAT_seed378425480.cnf,1.0885929401796488,0.0,8291.76821347776
barthel/n200/gen_n200_m860_k3SAT_seed3626164986.cnf,0.6962348214288335,0.0,1454.812554568908
barthel/n200/gen_n200_m860_k3SAT_seed2620132035.cnf,0.5933290824827453,0.0,817.5253795139184
barthel/n200/gen_n200_m860_k3SAT_seed3009686298.cnf,0.6797087751286724,0.0,1503.1758507027444
barthel/n200/gen_n200_m860_k3SAT_seed3450427736.cnf,0.7299925816722492,0.0,1516.3724478842894
barthel/n200/gen_n200_m860_k3SAT_seed1441313772.cnf,0.6417642107731989,0.0,1119.1482343711696
barthel/n200/gen_n200_m860_k3SAT_seed3437188108.cnf,0.6688834026277616,0.0,694.8205982664499
barthel/n200/gen_n200_m860_k3SAT_seed2945015644.cnf,0.7149949375035597,0.0,2171.6671913700075
barthel/n200/gen_n200_m860_k3SAT_seed400010023.cnf,0.7902022207811997,0.0,2864.4035260290043
barthel/n200/gen_n200_m860_k3SAT_seed1555381953.cnf,1.015122458305036,0.0,6539.863252257708
barthel/n200/gen_n200_m860_k3SAT_seed1824069727.cnf,0.8603610417872607,0.0,2146.2283540603835
barthel/n200/gen_n200_m860_k3SAT_seed4253032545.cnf,1.2421090598369557,0.0,9633.124360090762
barthel/n200/gen_n200_m860_k3SAT_seed3004849140.cnf,1.1006897544687453,0.0,11321.5681861367
barthel/n200/gen_n200_m860_k3SAT_seed1760699802.cnf,0.8289148447744153,0.0,1624.6787010776732
barthel/n200/gen_n200_m860_k3SAT_seed402783643.cnf,1.3131217026220225,0.0,45563.10849310962
barthel/n190/gen_n190_m817_k3SAT_seed2377759021.cnf,0.8105204290504627,0.0,2676.34570272441
barthel/n190/gen_n190_m817_k3SAT_seed2312003320.cnf,1.2022706073547909,0.0,58224.61730734105
barthel/n190/gen_n190_m817_k3SAT_seed2847134115.cnf,1.0597941216581686,0.0,8684.632411110937
barthel/n190/gen_n190_m817_k3SAT_seed2929389930.cnf,0.8916799104575058,0.0,1784.980630703914
barthel/n190/gen_n190_m817_k3SAT_seed3747390255.cnf,1.235046018406551,0.0,15689.398702076169
barthel/n190/gen_n190_m817_k3SAT_seed3004431487.cnf,0.8187315066063117,0.0,1905.1357922755403
barthel/n190/gen_n190_m817_k3SAT_seed3457981464.cnf,0.8239375065664996,0.0,1930.7688895423794
barthel/n190/gen_n190_m817_k3SAT_seed3134573763.cnf,0.7002880885394542,0.0,1346.310968642369
barthel/n190/gen_n190_m817_k3SAT_seed1171229349.cnf,1.2147284385576935,0.0,46531.48962445883
barthel/n190/gen_n190_m817_k3SAT_seed1778144097.cnf,1.1906398238372884,0.0,11202.161275525299
barthel/n190/gen_n190_m817_k3SAT_seed2316062977.cnf,0.7144795468556022,0.0,1286.8480618665972
barthel/n190/gen_n190_m817_k3SAT_seed850862736.cnf,1.0570856321967252,0.0,9270.687926046558
barthel/n190/gen_n190_m817_k3SAT_seed2419862218.cnf,0.8023995514294358,0.0,3024.4909755178774
barthel/n190/gen_n190_m817_k3SAT_seed404629771.cnf,0.8828298502628638,0.0,2693.5126318791613
barthel/n190/gen_n190_m817_k3SAT_seed3910879954.cnf,0.736126736875674,0.0,1666.1520576532582
barthel/n190/gen_n190_m817_k3SAT_seed3130549867.cnf,1.5365039141757006,0.0,479009.13588709413
barthel/n190/gen_n190_m817_k3SAT_seed828863743.cnf,0.7817239163624474,0.0,2188.2873889676075
barthel/n190/gen_n190_m817_k3SAT_seed3444200792.cnf,0.6470426497034486,0.0,1149.4838090829078
barthel/n190/gen_n190_m817_k3SAT_seed1140404237.cnf,0.9712463067363728,0.0,5051.848482112953
barthel/n190/gen_n190_m817_k3SAT_seed2099557271.cnf,0.7121109392006914,0.0,1432.7698259391561
barthel/n180/gen_n180_m774_k3SAT_seed2464538601.cnf,1.0205176889405871,0.0,4817.098582754599
barthel/n180/gen_n180_m774_k3SAT_seed2019726627.cnf,0.8239423826469094,0.0,1374.9932789551324
barthel/n180/gen_n180_m774_k3SAT_seed2083207871.cnf,0.9465478717835634,0.0,3651.8081968094375
barthel/n180/gen_n180_m774_k3SAT_seed94015970.cnf,0.8820883826372676,0.0,2045.432218567809
barthel/n180/gen_n180_m774_k3SAT_seed158152504.cnf,0.8177462410422807,0.0,1537.116531648809
barthel/n180/gen_n180_m774_k3SAT_seed3263018221.cnf,0.8153310183901171,0.0,1572.970862624082
barthel/n180/gen_n180_m774_k3SAT_seed3307725434.cnf,0.5805133377453147,0.0,558.7001614671851
barthel/n180/gen_n180_m774_k3SAT_seed346043754.cnf,0.9153541536202425,0.0,1805.0569193525416
barthel/n180/gen_n180_m774_k3SAT_seed1371750993.cnf,1.2743165664439728,0.0,12539.088248299826
barthel/n180/gen_n180_m774_k3SAT_seed1940105.cnf,1.1625394436950105,0.0,76588.25866579918
barthel/n180/gen_n180_m774_k3SAT_seed3530265751.cnf,0.9887272096347751,0.0,4888.7694653052295
barthel/n180/gen_n180_m774_k3SAT_seed1123655738.cnf,1.2998005593465434,0.0,27269.879496396683
barthel/n180/gen_n180_m774_k3SAT_seed2518931408.cnf,1.1433777465458004,0.0,11731.826098582527
barthel/n180/gen_n180_m774_k3SAT_seed625252808.cnf,0.8511826776567953,0.0,2189.44711357997
barthel/n180/gen_n180_m774_k3SAT_seed2846784053.cnf,0.6489488669337371,0.0,1049.1392266144169
barthel/n180/gen_n180_m774_k3SAT_seed1602711602.cnf,0.7469814192212588,0.0,1508.2710820336058
barthel/n180/gen_n180_m774_k3SAT_seed3407369727.cnf,0.7428359382692203,0.0,1200.6061422640987
barthel/n180/gen_n180_m774_k3SAT_seed4146867239.cnf,1.056989185010203,0.0,33291.0263491902
barthel/n180/gen_n180_m774_k3SAT_seed3273696372.cnf,0.7006979932755919,0.0,1207.1487123903275
barthel/n180/gen_n180_m774_k3SAT_seed3156097730.cnf,0.8873323735596779,0.0,2031.4655310034705
komb/n120/gen_n120_m625_k3SAT_seed4002250474.cnf,1.7762392072367603,0.0,5496957058.498216
komb/n120/gen_n120_m625_k3SAT_seed3741058123.cnf,1.3991486941683717,0.0,86220136.60302252
komb/n120/gen_n120_m625_k3SAT_seed2998485883.cnf,1.518973455832197,0.0,552980365.1632861
komb/n120/gen_n120_m625_k3SAT_seed3898757036.cnf,2.2469415054856183,0.0,30276338104.357758
komb/n120/gen_n120_m625_k3SAT_seed154293799.cnf,1.7757878597221526,0.0,29513.731774669413
komb/n120/gen_n120_m625_k3SAT_seed1193448330.cnf,1.8369502704198781,0.0,235536.4280395235
komb/n120/gen_n120_m625_k3SAT_seed1461364855.cnf,1.5007980066954552,0.0,310690590.1516223
komb/n120/gen_n120_m625_k3SAT_seed1563430074.cnf,2.3159105849267667,0.0,1319570.051269816
komb/n120/gen_n120_m625_k3SAT_seed924765564.cnf,1.298518786574313,0.0,6392.291679409962
komb/n120/gen_n120_m625_k3SAT_seed1632151664.cnf,1.9903551884916075,0.0,21321.38381723232
komb/n120/gen_n120_m625_k3SAT_seed1819395239.cnf,1.9093070180951948,0.0,2502589.1189416912
komb/n120/gen_n120_m625_k3SAT_seed1815115026.cnf,1.5079883024306406,0.0,4909994771.363793
komb/n120/gen_n120_m625_k3SAT_seed667779377.cnf,1.5567076530433814,0.0,4232991955.7457805
komb/n120/gen_n120_m625_k3SAT_seed117874758.cnf,1.5059212713305339,0.0,2647492.7123232465
komb/n120/gen_n120_m625_k3SAT_seed3279182319.cnf,1.5554841838966078,0.0,252789.08249870085
komb/n120/gen_n120_m625_k3SAT_seed1367797299.cnf,1.8511345150291634,0.0,592796180.2118238
komb/n120/gen_n120_m625_k3SAT_seed1996703905.cnf,1.5731683807545631,0.0,519055.96422491054
komb/n120/gen_n120_m625_k3SAT_seed3460967358.cnf,1.7876410600848316,0.0,153020.602982222
komb/n120/gen_n120_m625_k3SAT_seed685731525.cnf,2.615557664009013,0.0,822681984.1334172
komb/n120/gen_n120_m625_k3SAT_seed4111198820.cnf,1.2833047950937593,0.0,13750959711.453314
komb/n90/gen_n90_m468_k3SAT_seed3667190761.cnf,1.807240393960082,0.0,29487.30736564803
komb/n90/gen_n90_m468_k3SAT_seed3181143732.cnf,1.2464134267670233,0.0,114565.95134229425
komb/n90/gen_n90_m468_k3SAT_seed3160967033.cnf,1.8260196136407425,0.0,1406052.3245075073
komb/n90/gen_n90_m468_k3SAT_seed2876470160.cnf,1.2981067074993644,0.0,27460703.104559306
komb/n90/gen_n90_m468_k3SAT_seed1323436025.cnf,1.7252845543182855,0.0,8369629.087080247
komb/n90/gen_n90_m468_k3SAT_seed3474465536.cnf,0.6359825125996915,0.0,325.3714876607934
komb/n90/gen_n90_m468_k3SAT_seed127978095.cnf,1.5246570488486997,0.0,7761164.083153737
komb/n90/gen_n90_m468_k3SAT_seed911472862.cnf,1.6963145749001396,0.0,5839621.147534458
komb/n90/gen_n90_m468_k3SAT_seed2606193618.cnf,2.1095077899904693,0.0,411144.861325418
komb/n90/gen_n90_m468_k3SAT_seed153478261.cnf,1.5390869969057577,0.0,19505.40479610131
komb/n90/gen_n90_m468_k3SAT_seed2536146026.cnf,1.7277493383752507,0.0,829429.2728145218
komb/n90/gen_n90_m468_k3SAT_seed402418011.cnf,1.9209496595425577,0.0,21526221.65032093
komb/n90/gen_n90_m468_k3SAT_seed136505588.cnf,1.6768271172552525,0.0,66264.40729108744
komb/n90/gen_n90_m468_k3SAT_seed373399427.cnf,1.4487590508102626,0.0,48072010.21629404
komb/n90/gen_n90_m468_k3SAT_seed2602510383.cnf,2.0915721072559497,0.0,450381.8208264195
komb/n90/gen_n90_m468_k3SAT_seed1812140442.cnf,1.1560682608760438,0.0,2277.8409769312166
komb/n90/gen_n90_m468_k3SAT_seed2342331445.cnf,1.9892286934024384,0.0,110457867.889222
komb/n90/gen_n90_m468_k3SAT_seed2906402158.cnf,2.140100075845531,0.0,288019.59898154996
komb/n90/gen_n90_m468_k3SAT_seed3831882065.cnf,1.6931013780965922,0.0,245057.46567703833
komb/n90/gen_n90_m468_k3SAT_seed1080542041.cnf,2.241338393507413,0.0,650767.460526725
komb/n110/gen_n110_m573_k3SAT_seed2156362608.cnf,2.5082551856177684,0.0,321029941.4071557
komb/n110/gen_n110_m573_k3SAT_seed1194819985.cnf,1.624858320575985,0.0,2356492.500833492
komb/n110/gen_n110_m573_k3SAT_seed27911968.cnf,1.4847384302252062,0.0,55915274.47479837
komb/n110/gen_n110_m573_k3SAT_seed1929338155.cnf,1.2115773452871947,0.0,3386317761.361226
komb/n110/gen_n110_m573_k3SAT_seed3259052812.cnf,1.5243068871017018,0.0,65146.01887316442
komb/n110/gen_n110_m573_k3SAT_seed1910634195.cnf,2.07964035542595,0.0,29454255.221993662
komb/n110/gen_n110_m573_k3SAT_seed2340505847.cnf,1.77478161074258,0.0,159194.29397109512
komb/n110/gen_n110_m573_k3SAT_seed1152085199.cnf,1.7954048004307694,0.0,38435508.384495676
komb/n110/gen_n110_m573_k3SAT_seed1801823909.cnf,2.0178378316612684,0.0,9503473.882979045
komb/n110/gen_n110_m573_k3SAT_seed2337222594.cnf,1.572600008156454,0.0,312173.362280027
komb/n110/gen_n110_m573_k3SAT_seed1597986796.cnf,1.3837031351330449,0.0,1711099.5794347483
komb/n110/gen_n110_m573_k3SAT_seed3870658024.cnf,1.544797952817529,0.0,289128.59485181095
komb/n110/gen_n110_m573_k3SAT_seed3476477324.cnf,1.3032327905293377,0.0,12270410.940104216
komb/n110/gen_n110_m573_k3SAT_seed2530876845.cnf,2.1381241913283944,0.0,2111094.8306305353
komb/n110/gen_n110_m573_k3SAT_seed4272717496.cnf,1.8422547228793245,0.0,23404386.78986093
komb/n110/gen_n110_m573_k3SAT_seed2186428039.cnf,1.7329021617173495,0.0,183528.18505363952
komb/n110/gen_n110_m573_k3SAT_seed4018851091.cnf,2.580778889787837,0.0,166515.89890336967
komb/n110/gen_n110_m573_k3SAT_seed3733616460.cnf,1.610204939568235,0.0,88197069.61038727
komb/n110/gen_n110_m573_k3SAT_seed4077622523.cnf,2.2678260972241517,0.0,1182206.9698631715
komb/n110/gen_n110_m573_k3SAT_seed946785249.cnf,2.238388998495461,0.0,270494.2344148994
komb/n80/gen_n80_m416_k3SAT_seed726208581.cnf,1.5991330753046917,0.0,70348383.89853607
komb/n80/gen_n80_m416_k3SAT_seed4106135924.cnf,2.119068759578447,0.0,38569894.718839005
komb/n80/gen_n80_m416_k3SAT_seed478163328.cnf,2.204489513885753,0.0,1276819.775663756
komb/n80/gen_n80_m416_k3SAT_seed3184935164.cnf,0.5828209620973641,0.0,143.95431733991597
komb/n80/gen_n80_m416_k3SAT_seed1181241944.cnf,1.4493478563373667,0.0,115118.01831543745
komb/n80/gen_n80_m416_k3SAT_seed1051802513.cnf,2.28232847251603,0.0,3249088.2115624645
komb/n80/gen_n80_m416_k3SAT_seed958682847.cnf,1.7011470314157828,0.0,9188.344017369727
komb/n80/gen_n80_m416_k3SAT_seed242886304.cnf,1.8569039307816695,0.0,258986.39797901848
komb/n80/gen_n80_m416_k3SAT_seed599310826.cnf,1.6122353295510785,0.0,338383.5772131277
komb/n80/gen_n80_m416_k3SAT_seed364522462.cnf,1.62549733960405,0.0,3506.599483330312
komb/n80/gen_n80_m416_k3SAT_seed393353684.cnf,1.854804070937591,0.0,1684222.9498180589
komb/n80/gen_n80_m416_k3SAT_seed3163119786.cnf,1.5367011463486193,0.0,2612442.765351403
komb/n80/gen_n80_m416_k3SAT_seed3707026330.cnf,1.7547516101928928,0.0,65666.62465301249
komb/n80/gen_n80_m416_k3SAT_seed1550730040.cnf,2.6610435604313536,0.0,7500847.705358322
komb/n80/gen_n80_m416_k3SAT_seed440213416.cnf,1.0982812588994648,0.0,2302.5710769718935
komb/n80/gen_n80_m416_k3SAT_seed2746317214.cnf,1.3595812758767454,0.0,7795.306417089015
komb/n80/gen_n80_m416_k3SAT_seed107420370.cnf,2.128942631817785,0.0,646591.7187328574
komb/n80/gen_n80_m416_k3SAT_seed3646664649.cnf,1.696210397222588,0.0,7324142.052979144
komb/n80/gen_n80_m416_k3SAT_seed4070888060.cnf,1.852254557546753,0.0,153320.75192796986
komb/n80/gen_n80_m416_k3SAT_seed3588440357.cnf,1.5097835213275252,0.0,190355.63477833415
komb/n100/gen_n100_m520_k3SAT_seed3694720282.cnf,1.423511168979147,0.0,55039.80411305975
komb/n100/gen_n100_m520_k3SAT_seed2925930102.cnf,2.667466933650881,0.0,2216693.1303193406
komb/n100/gen_n100_m520_k3SAT_seed939042956.cnf,2.251302096391468,0.0,723025272.9080268
komb/n100/gen_n100_m520_k3SAT_seed3105313243.cnf,1.5710125520120404,0.0,3505105.63062663
komb/n100/gen_n100_m520_k3SAT_seed854001194.cnf,1.9717042717811637,0.0,3350712.286966685
komb/n100/gen_n100_m520_k3SAT_seed2791232394.cnf,2.053259463164782,0.0,144222382.2338693
komb/n100/gen_n100_m520_k3SAT_seed2742213520.cnf,2.106014084207304,0.0,14060.897125902897
komb/n100/gen_n100_m520_k3SAT_seed999270937.cnf,1.8480137514462696,0.0,57088681.85038445
komb/n100/gen_n100_m520_k3SAT_seed2170484434.cnf,1.3642908442509047,0.0,7474508.00538171
komb/n100/gen_n100_m520_k3SAT_seed1690206282.cnf,1.971271942192443,0.0,25961622.133039657
komb/n100/gen_n100_m520_k3SAT_seed2585650757.cnf,2.261563836049857,0.0,25794923.17661018
komb/n100/gen_n100_m520_k3SAT_seed2410529191.cnf,1.5875843012008093,0.0,11998508.076907193
komb/n100/gen_n100_m520_k3SAT_seed3012167821.cnf,1.991358998324017,0.0,3086567.2253827373
komb/n100/gen_n100_m520_k3SAT_seed1849712020.cnf,2.041510459851343,0.0,271604.91008623264
komb/n100/gen_n100_m520_k3SAT_seed680249218.cnf,2.043713694412662,0.0,16707911.206505382
komb/n100/gen_n100_m520_k3SAT_seed113971124.cnf,1.5518053526925213,0.0,341805.18028905423
komb/n100/gen_n100_m520_k3SAT_seed2496252241.cnf,1.7867220297017226,0.0,22990628.009741478
komb/n100/gen_n100_m520_k3SAT_seed3075280818.cnf,1.7043538745177504,0.0,8536523.731782107
komb/n100/gen_n100_m520_k3SAT_seed4293759542.cnf,2.310945930895339,0.0,4987597.888934086
komb/n100/gen_n100_m520_k3SAT_seed3451733972.cnf,1.4716449640107396,0.0,13601.339593722296
qhid/n40/gen_n40_m220_k3SAT_seed920842828.cnf,2.2149539260598963,0.0,3165940.2820656355
qhid/n40/gen_n40_m220_k3SAT_seed3551386828.cnf,0.7960712086788203,0.0,136.5880600664985
qhid/n40/gen_n40_m220_k3SAT_seed1117783044.cnf,0.9686456152196566,0.0,111.96089097216567
qhid/n40/gen_n40_m220_k3SAT_seed741588491.cnf,0.6563675961249409,0.0,54.38057121569437
qhid/n40/gen_n40_m220_k3SAT_seed3437897286.cnf,2.2031554837938017,0.0,4252711.817601489
qhid/n40/gen_n40_m220_k3SAT_seed830799656.cnf,2.312514172315235,0.0,29732.975025137534
qhid/n40/gen_n40_m220_k3SAT_seed1547240116.cnf,1.985339451158449,0.0,2184068.45935465
qhid/n40/gen_n40_m220_k3SAT_seed4049979599.cnf,0.5841107174290214,0.0,42.17926700776981
qhid/n40/gen_n40_m220_k3SAT_seed3464545457.cnf,1.824474999719064,0.0,176542.02712878326
qhid/n40/gen_n40_m220_k3SAT_seed1167147743.cnf,0.9687578263308735,0.0,126.8187518321974
qhid/n40/gen_n40_m220_k3SAT_seed110121578.cnf,0.9961742604552641,0.0,115.46056451485309
qhid/n40/gen_n40_m220_k3SAT_seed2751736756.cnf,2.0377122314046194,0.0,901547.6800912624
qhid/n40/gen_n40_m220_k3SAT_seed707889030.cnf,2.7581348512498858,0.0,1587464.4734815853
qhid/n40/gen_n40_m220_k3SAT_seed456053775.cnf,1.8789226136954333,0.0,5302922.701425387
qhid/n40/gen_n40_m220_k3SAT_seed3983477514.cnf,0.8186383274569627,0.0,93.39906521900728
qhid/n40/gen_n40_m220_k3SAT_seed3560184494.cnf,1.760129289780367,0.0,396935.81635369983
qhid/n40/gen_n40_m220_k3SAT_seed3348981652.cnf,0.9396572701154047,0.0,119.84061603554355
qhid/n40/gen_n40_m220_k3SAT_seed1124077025.cnf,0.951590041630143,0.0,151.31564452819646
qhid/n40/gen_n40_m220_k3SAT_seed2305023087.cnf,0.6756182235340595,0.0,68.28803678025484
qhid/n40/gen_n40_m220_k3SAT_seed1188342907.cnf,2.44623857892876,0.0,706487.0002269784
qhid/n30/gen_n30_m165_k3SAT_seed953174253.cnf,0.5535263736659171,0.0,25.182835135931423
qhid/n30/gen_n30_m165_k3SAT_seed1242859371.cnf,2.2672291852597906,0.0,147985.39751014728
qhid/n30/gen_n30_m165_k3SAT_seed252746183.cnf,0.5749622502972705,0.0,25.82369044453267
qhid/n30/gen_n30_m165_k3SAT_seed443094728.cnf,0.7571506163577041,0.0,72.6126088827922
qhid/n30/gen_n30_m165_k3SAT_seed2056767044.cnf,0.6877238039298973,0.0,33.981504591053806
qhid/n30/gen_n30_m165_k3SAT_seed1013818840.cnf,1.9118174385889946,0.0,5788.721508043012
qhid/n30/gen_n30_m165_k3SAT_seed3942586890.cnf,0.7987071569186135,0.0,32.72603907091568
qhid/n30/gen_n30_m165_k3SAT_seed3286348377.cnf,0.7267627038444894,0.0,62.394520790242034
qhid/n30/gen_n30_m165_k3SAT_seed3097603022.cnf,2.084881211287525,0.0,126684.71463479636
qhid/n30/gen_n30_m165_k3SAT_seed1302657533.cnf,0.8973323328263476,0.0,67.03990917871064
qhid/n30/gen_n30_m165_k3SAT_seed285680178.cnf,2.22994854725864,0.0,19493.303761327898
qhid/n30/gen_n30_m165_k3SAT_seed665600859.cnf,2.503997167917187,0.0,52661.91526970037
qhid/n30/gen_n30_m165_k3SAT_seed1701057194.cnf,0.4841430002252969,0.0,25.773187427602757
qhid/n30/gen_n30_m165_k3SAT_seed85114132.cnf,1.0416847605329056,0.0,131.69955205867012
qhid/n30/gen_n30_m165_k3SAT_seed1724820279.cnf,2.24835037372242,0.0,20191.394002725105
qhid/n30/gen_n30_m165_k3SAT_seed4252124243.cnf,0.7534106090573071,0.0,67.33352105939792
qhid/n30/gen_n30_m165_k3SAT_seed2234840152.cnf,2.0591863213491695,0.0,15832.800149914803
qhid/n30/gen_n30_m165_k3SAT_seed2359662951.cnf,0.7625932525017325,0.0,45.519679537489594
qhid/n30/gen_n30_m165_k3SAT_seed3437916672.cnf,1.7680007521492267,0.0,5228.896389687541
qhid/n30/gen_n30_m165_k3SAT_seed386977620.cnf,0.770377019625468,0.0,61.216399606464165
qhid/n60/gen_n60_m330_k3SAT_seed3080127367.cnf,1.9518260219482826,0.0,32251936.448216483
qhid/n60/gen_n60_m330_k3SAT_seed65054740.cnf,0.6671981957863216,0.0,143.09402758505175
qhid/n60/gen_n60_m330_k3SAT_seed2744776747.cnf,0.583731207026303,0.0,79.26019196177867
qhid/n60/gen_n60_m330_k3SAT_seed3592574582.cnf,0.5108858917022989,0.0,67.76757566742756
qhid/n60/gen_n60_m330_k3SAT_seed1674765457.cnf,2.1373790048627055,0.0,1157479.6212684629
qhid/n60/gen_n60_m330_k3SAT_seed2247046193.cnf,0.48071280515380094,0.0,58.27005987418079
qhid/n60/gen_n60_m330_k3SAT_seed651213125.cnf,1.1663046471210106,0.0,855331976.5675443
qhid/n60/gen_n60_m330_k3SAT_seed1705680003.cnf,0.5344227284844033,0.0,95.5981238214992
qhid/n60/gen_n60_m330_k3SAT_seed2323465142.cnf,0.7584707549007869,0.0,236.2668996583899
qhid/n60/gen_n60_m330_k3SAT_seed646892614.cnf,0.874778970745987,0.0,216.32645359002007
qhid/n60/gen_n60_m330_k3SAT_seed3728226181.cnf,1.717327597451603,0.0,802009.0876940726
qhid/n60/gen_n60_m330_k3SAT_seed2019766389.cnf,2.3940535412751855,0.0,62666816979.60821
qhid/n60/gen_n60_m330_k3SAT_seed2726705792.cnf,0.6753133871948848,0.0,106.01310605543163
qhid/n60/gen_n60_m330_k3SAT_seed4276262007.cnf,1.5120615797552008,0.0,658715661.5794395
qhid/n60/gen_n60_m330_k3SAT_seed3183652506.cnf,1.5054746305398448,0.0,647276529.4439713
qhid/n60/gen_n60_m330_k3SAT_seed2045921457.cnf,2.0356855768548625,0.0,2307881.842499069
qhid/n60/gen_n60_m330_k3SAT_seed2360647896.cnf,2.0492687174376734,0.0,13155762.088448111
qhid/n60/gen_n60_m330_k3SAT_seed3976433077.cnf,1.5398696157897738,0.0,68641640.67734127
qhid/n60/gen_n60_m330_k3SAT_seed3698061794.cnf,1.357626356510395,0.0,258155525.23336393
qhid/n60/gen_n60_m330_k3SAT_seed996097415.cnf,1.8366431130207994,0.0,1405948079.5553038
qhid/n50/gen_n50_m275_k3SAT_seed3933953014.cnf,2.4075589410532046,0.0,482475073.88001895
qhid/n50/gen_n50_m275_k3SAT_seed823534632.cnf,0.4869175539133992,0.0,43.00892510108393
qhid/n50/gen_n50_m275_k3SAT_seed56556070.cnf,0.5185801362394411,0.0,50.04022819567462
qhid/n50/gen_n50_m275_k3SAT_seed2015337561.cnf,1.758244453634753,0.0,12022361.720688963
qhid/n50/gen_n50_m275_k3SAT_seed1006443828.cnf,1.6900864068826513,0.0,603735.3967021336
qhid/n50/gen_n50_m275_k3SAT_seed1113916997.cnf,1.9562949917975743,0.0,370687.3667617757
qhid/n50/gen_n50_m275_k3SAT_seed2601030206.cnf,0.7005078369220991,0.0,109.14951034200293
qhid/n50/gen_n50_m275_k3SAT_seed1588945317.cnf,0.72312712264134,0.0,126.58668615891943
qhid/n50/gen_n50_m275_k3SAT_seed281444314.cnf,1.7648248263531816,0.0,5132177.005947174
qhid/n50/gen_n50_m275_k3SAT_seed2337446731.cnf,2.609494795501168,0.0,372266109.4579666
qhid/n50/gen_n50_m275_k3SAT_seed2494740734.cnf,2.1179522353135334,0.0,55112.12617425155
qhid/n50/gen_n50_m275_k3SAT_seed3596902314.cnf,1.715277057865267,0.0,61972.656154668075
qhid/n50/gen_n50_m275_k3SAT_seed2687448231.cnf,0.9788809775951874,0.0,310.52486998762026
qhid/n50/gen_n50_m275_k3SAT_seed2036044447.cnf,1.3941450056166482,0.0,1656304.2997089503
qhid/n50/gen_n50_m275_k3SAT_seed3903345312.cnf,0.6199364518074203,0.0,84.70466026263061
qhid/n50/gen_n50_m275_k3SAT_seed1022050302.cnf,1.9413986307989308,0.0,63321.84123976585
qhid/n50/gen_n50_m275_k3SAT_seed560161642.cnf,1.8970463083803344,0.0,16685305.617985513
qhid/n50/gen_n50_m275_k3SAT_seed2593816830.cnf,1.9251385239612404,0.0,14147782.578382488
qhid/n50/gen_n50_m275_k3SAT_seed2365602029.cnf,0.664319910643066,0.0,83.7636807248079
qhid/n50/gen_n50_m275_k3SAT_seed2545373331.cnf,0.5754990271286764,0.0,69.44299719772721
qhid/n70/gen_n70_m385_k3SAT_seed3774472249.cnf,1.7678103709248265,0.0,54315157.991078824
qhid/n70/gen_n70_m385_k3SAT_seed2554429720.cnf,1.65642391012946,0.0,20755296851.45558
qhid/n70/gen_n70_m385_k3SAT_seed1664766191.cnf,1.7777794844753074,0.0,84639082.56285825
qhid/n70/gen_n70_m385_k3SAT_seed4112418595.cnf,0.6765637790865155,0.0,178.02091500261108
qhid/n70/gen_n70_m385_k3SAT_seed3952042576.cnf,1.8596764212442438,0.0,982781105.5537095
qhid/n70/gen_n70_m385_k3SAT_seed183777491.cnf,1.2784089847847275,0.0,535100879.5449603
qhid/n70/gen_n70_m385_k3SAT_seed3338197567.cnf,0.6523450200058708,0.0,169.77919755008224
qhid/n70/gen_n70_m385_k3SAT_seed2675342406.cnf,0.6818398057710691,0.0,174.00916968187542
qhid/n70/gen_n70_m385_k3SAT_seed133194447.cnf,0.5670732457796821,0.0,151.42442936664102
qhid/n70/gen_n70_m385_k3SAT_seed3350403034.cnf,0.8252986130450654,0.0,202.1159637470602
qhid/n70/gen_n70_m385_k3SAT_seed3537208388.cnf,1.7062449441024794,0.0,188163606.3815687
qhid/n70/gen_n70_m385_k3SAT_seed275012946.cnf,1.3071774023746403,0.0,31862272.647449117
qhid/n70/gen_n70_m385_k3SAT_seed1157200205.cnf,0.512909148866576,0.0,88.18593554565538
qhid/n70/gen_n70_m385_k3SAT_seed3256574099.cnf,1.347425765776019,0.0,14676767900.054361
qhid/n70/gen_n70_m385_k3SAT_seed3087325217.cnf,1.486821006777559,0.0,6423962232.266256
qhid/n70/gen_n70_m385_k3SAT_seed2030441879.cnf,0.7208028206891679,0.0,306.74780669219786
qhid/n70/gen_n70_m385_k3SAT_seed3717411169.cnf,0.6424959311923177,0.0,170.29665836445974
qhid/n70/gen_n70_m385_k3SAT_seed684617509.cnf,0.6905392287620005,0.0,183.5559855721117
qhid/n70/gen_n70_m385_k3SAT_seed1293934752.cnf,1.2538159681883334,0.0,55071735520.32011
qhid/n70/gen_n70_m385_k3SAT_seed2538753387.cnf,1.6405934212814508,0.0,9567540.480973486
