gen_n110_m573_k3SAT_seed2156362608.cnf1046800032205225271.result 0.023333333333333334 0.9766666666666667 302.42857142857144 775205671.5119454
gen_n110_m573_k3SAT_seed1194819985.cnf7326573195622447256.result 0.013333333333333334 0.9866666666666667 371.75 4577051.429054054
gen_n110_m573_k3SAT_seed27911968.cnf-4232865876030345843.result 0.0033333333333333335 0.9966666666666667 603.0 109928766.04347827
gen_n110_m573_k3SAT_seed1929338155.cnf5424394867226112926.result 0.9766666666666667 0.023333333333333334 5248640945.795222 36703053324.42857
gen_n110_m573_k3SAT_seed3259052812.cnf-6273872167485304708.result 0.013333333333333334 0.9133333333333333 0.07333333333333333 317.25 103884.3686131387 545882.0909090909
gen_n110_m573_k3SAT_seed1910634195.cnf-2735820219478632339.result 0.02 0.0033333333333333335 0.9766666666666667 855.3333333333334 129987.0 69478454.02389078
gen_n110_m573_k3SAT_seed2340505847.cnf-9103770306483490189.result 0.04666666666666667 0.9533333333333334 462.35714285714283 348159.46853146853
gen_n110_m573_k3SAT_seed1152085199.cnf562869878527280671.result 0.013333333333333334 0.9633333333333334 0.023333333333333334 415.75 70888395.7716263 421203237.14285713
gen_n110_m573_k3SAT_seed1801823909.cnf6410576364588137014.result 0.02 0.9766666666666667 0.0033333333333333335 224.16666666666666 21227127.075085323 217917856.0
gen_n110_m573_k3SAT_seed2337222594.cnf6500425952402280020.result 0.023333333333333334 0.92 0.056666666666666664 633.8571428571429 523521.21376811597 2608068.1764705884
gen_n110_m573_k3SAT_seed1597986796.cnf-5687954460940827019.result 0.006666666666666667 0.9933333333333333 1609.0 3159201.0570469797
gen_n110_m573_k3SAT_seed3870658024.cnf-116460968798668868.result 0.02666666666666667 0.9733333333333334 727.0 564229.0
gen_n110_m573_k3SAT_seed3476477324.cnf2891469594365336806.result 1.0 22262715.64666667
gen_n110_m573_k3SAT_seed2530876845.cnf2139215297105423308.result 0.04 0.96 596.8333333333334 5576361.704861111
gen_n110_m573_k3SAT_seed4272717496.cnf911481117094959736.result 0.016666666666666666 0.9833333333333333 393.0 46346658.084745765
gen_n110_m573_k3SAT_seed2186428039.cnf7531530551262172805.result 0.03666666666666667 0.9633333333333334 275.3636363636364 398965.21107266436
gen_n110_m573_k3SAT_seed4018851091.cnf-8080682190882934408.result 0.20333333333333334 0.7966666666666666 2904.9836065573772 891428.460251046
gen_n110_m573_k3SAT_seed3733616460.cnf6976596177944619528.result 0.0033333333333333335 0.9633333333333334 0.03333333333333333 417.0 150886706.8200692 901954243.2
gen_n110_m573_k3SAT_seed4077622523.cnf8780364825327662158.result 0.05333333333333334 0.9333333333333333 0.013333333333333334 539.0 3173832.964285714 22620889.0
gen_n110_m573_k3SAT_seed946785249.cnf2578166436595196069.result 0.09666666666666666 0.9 0.0033333333333333335 827.5172413793103 834494.7333333333 8769297.0
