gen_n110_m573_k3SAT_seed2156362608.cnf1046800032205225271.result 2.5082551856177684 0.0 321029941.4071557
gen_n110_m573_k3SAT_seed1194819985.cnf7326573195622447256.result 1.624858320575985 0.0 2356492.500833492
gen_n110_m573_k3SAT_seed27911968.cnf-4232865876030345843.result 1.4847384302252062 0.0 55915274.47479837
gen_n110_m573_k3SAT_seed1929338155.cnf5424394867226112926.result 1.2115773452871947 0.0 3386317761.361226
gen_n110_m573_k3SAT_seed3259052812.cnf-6273872167485304708.result 1.5243068871017018 0.0 65146.01887316442
gen_n110_m573_k3SAT_seed1910634195.cnf-2735820219478632339.result 2.07964035542595 0.0 29454255.221993662
gen_n110_m573_k3SAT_seed2340505847.cnf-9103770306483490189.result 1.77478161074258 0.0 159194.29397109512
gen_n110_m573_k3SAT_seed1152085199.cnf562869878527280671.result 1.7954048004307694 0.0 38435508.384495676
gen_n110_m573_k3SAT_seed1801823909.cnf6410576364588137014.result 2.0178378316612684 0.0 9503473.882979045
gen_n110_m573_k3SAT_seed2337222594.cnf6500425952402280020.result 1.572600008156454 0.0 312173.362280027
gen_n110_m573_k3SAT_seed1597986796.cnf-5687954460940827019.result 1.3837031351330449 0.0 1711099.5794347483
gen_n110_m573_k3SAT_seed3870658024.cnf-116460968798668868.result 1.544797952817529 0.0 289128.59485181095
gen_n110_m573_k3SAT_seed3476477324.cnf2891469594365336806.result 1.3032327905293377 0.0 12270410.940104216
gen_n110_m573_k3SAT_seed2530876845.cnf2139215297105423308.result 2.1381241913283944 0.0 2111094.8306305353
gen_n110_m573_k3SAT_seed4272717496.cnf911481117094959736.result 1.8422547228793245 0.0 23404386.78986093
gen_n110_m573_k3SAT_seed2186428039.cnf7531530551262172805.result 1.7329021617173495 0.0 183528.18505363952
gen_n110_m573_k3SAT_seed4018851091.cnf-8080682190882934408.result 2.580778889787837 0.0 166515.89890336967
gen_n110_m573_k3SAT_seed3733616460.cnf6976596177944619528.result 1.610204939568235 0.0 88197069.61038727
gen_n110_m573_k3SAT_seed4077622523.cnf8780364825327662158.result 2.2678260972241517 0.0 1182206.9698631715
gen_n110_m573_k3SAT_seed946785249.cnf2578166436595196069.result 2.238388998495461 0.0 270494.2344148994
