gen_n190_m817_k3SAT_seed2377759021.cnf5568036080341322779.result 0.8105204290504627 0.0 2676.34570272441
gen_n190_m817_k3SAT_seed2312003320.cnf8314576106020436567.result 1.2022706073547909 0.0 58224.61730734105
gen_n190_m817_k3SAT_seed2847134115.cnf6451599729386303433.result 1.0597941216581686 0.0 8684.632411110937
gen_n190_m817_k3SAT_seed2929389930.cnf-5675727991106510129.result 0.8916799104575058 0.0 1784.980630703914
gen_n190_m817_k3SAT_seed3747390255.cnf-5828378845406197432.result 1.235046018406551 0.0 15689.398702076169
gen_n190_m817_k3SAT_seed3004431487.cnf3735866486786951110.result 0.8187315066063117 0.0 1905.1357922755403
gen_n190_m817_k3SAT_seed3457981464.cnf709146724629787085.result 0.8239375065664996 0.0 1930.7688895423794
gen_n190_m817_k3SAT_seed3134573763.cnf3565718773662549643.result 0.7002880885394542 0.0 1346.310968642369
gen_n190_m817_k3SAT_seed1171229349.cnf1424227216613790459.result 1.2147284385576935 0.0 46531.48962445883
gen_n190_m817_k3SAT_seed1778144097.cnf740826377621966668.result 1.1906398238372884 0.0 11202.161275525299
gen_n190_m817_k3SAT_seed2316062977.cnf6540332603255121914.result 0.7144795468556022 0.0 1286.8480618665972
gen_n190_m817_k3SAT_seed850862736.cnf-6445579697523746321.result 1.0570856321967252 0.0 9270.687926046558
gen_n190_m817_k3SAT_seed2419862218.cnf2313849236766078896.result 0.8023995514294358 0.0 3024.4909755178774
gen_n190_m817_k3SAT_seed404629771.cnf-3072269934088988638.result 0.8828298502628638 0.0 2693.5126318791613
gen_n190_m817_k3SAT_seed3910879954.cnf-7689030756485729315.result 0.736126736875674 0.0 1666.1520576532582
gen_n190_m817_k3SAT_seed3130549867.cnf629163807750154397.result 1.5365039141757006 0.0 479009.13588709413
gen_n190_m817_k3SAT_seed828863743.cnf-7055401868147744944.result 0.7817239163624474 0.0 2188.2873889676075
gen_n190_m817_k3SAT_seed3444200792.cnf4285825316353507330.result 0.6470426497034486 0.0 1149.4838090829078
gen_n190_m817_k3SAT_seed1140404237.cnf-9004800633625705385.result 0.9712463067363728 0.0 5051.848482112953
gen_n190_m817_k3SAT_seed2099557271.cnf-5846371297184805244.result 0.7121109392006914 0.0 1432.7698259391561
