gen_n40_m220_k3SAT_seed920842828.cnf5392699930407941966.result 0.02666666666666667 0.9733333333333334 37.125 7027092.109589041
gen_n40_m220_k3SAT_seed3551386828.cnf-7899688009892530916.result 1.0 181.98
gen_n40_m220_k3SAT_seed1117783044.cnf-4441743957556756675.result 0.8633333333333333 0.13666666666666666 114.05791505791505 584.5853658536586
gen_n40_m220_k3SAT_seed741588491.cnf-1172372215869070883.result 1.0 67.83333333333333
gen_n40_m220_k3SAT_seed3437897286.cnf-7923485046943612115.result 0.02 0.98 25.333333333333332 10516789.544217687
gen_n40_m220_k3SAT_seed830799656.cnf-8083830877669224330.result 0.09333333333333334 0.9066666666666666 81.89285714285714 98349.6544117647
gen_n40_m220_k3SAT_seed1547240116.cnf948527588111557946.result 0.02 0.98 36.666666666666664 4611534.023809524
gen_n40_m220_k3SAT_seed4049979599.cnf5964679096072402826.result 1.0 50.61
gen_n40_m220_k3SAT_seed3464545457.cnf-8158399999888651327.result 0.03 0.97 82.11111111111111 368383.78694158077
gen_n40_m220_k3SAT_seed1167147743.cnf-1972243328498820781.result 0.92 0.08 150.93115942028984 776.3333333333334
gen_n40_m220_k3SAT_seed110121578.cnf-3548718614943783908.result 0.73 0.27 88.29223744292237 459.9382716049383
gen_n40_m220_k3SAT_seed2751736756.cnf8858388720320256076.result 0.023333333333333334 0.0033333333333333335 0.9733333333333334 47.142857142857146 829.0 2070719.082191781
gen_n40_m220_k3SAT_seed707889030.cnf-5887442387461247545.result 0.05333333333333334 0.9466666666666667 54.3125 4976127.640845071
gen_n40_m220_k3SAT_seed456053775.cnf2732543468168082672.result 0.013333333333333334 0.9866666666666667 40.75 10948832.158783784
gen_n40_m220_k3SAT_seed3983477514.cnf3957050237928292491.result 1.0 128.87666666666667
gen_n40_m220_k3SAT_seed3560184494.cnf-1888123790579094817.result 0.02 0.98 69.0 847396.9013605443
gen_n40_m220_k3SAT_seed3348981652.cnf-1723267064515503662.result 1.0 182.61666666666667
gen_n40_m220_k3SAT_seed1124077025.cnf-4032891713900544511.result 0.9866666666666667 0.013333333333333334 216.29054054054055 1559.5
gen_n40_m220_k3SAT_seed2305023087.cnf6397606787269087336.result 1.0 85.80333333333333
gen_n40_m220_k3SAT_seed1188342907.cnf-8779789185556398632.result 0.04666666666666667 0.9533333333333334 49.214285714285715 1901405.520979021
