gen_n40_m220_k3SAT_seed920842828.cnf5392699930407941966.result 2.2149539260598963 0.0 3165940.2820656355
gen_n40_m220_k3SAT_seed3551386828.cnf-7899688009892530916.result 0.7960712086788203 0.0 136.5880600664985
gen_n40_m220_k3SAT_seed1117783044.cnf-4441743957556756675.result 0.9686456152196566 0.0 111.96089097216567
gen_n40_m220_k3SAT_seed741588491.cnf-1172372215869070883.result 0.6563675961249409 0.0 54.38057121569437
gen_n40_m220_k3SAT_seed3437897286.cnf-7923485046943612115.result 2.2031554837938017 0.0 4252711.817601489
gen_n40_m220_k3SAT_seed830799656.cnf-8083830877669224330.result 2.312514172315235 0.0 29732.975025137534
gen_n40_m220_k3SAT_seed1547240116.cnf948527588111557946.result 1.985339451158449 0.0 2184068.45935465
gen_n40_m220_k3SAT_seed4049979599.cnf5964679096072402826.result 0.5841107174290214 0.0 42.17926700776981
gen_n40_m220_k3SAT_seed3464545457.cnf-8158399999888651327.result 1.824474999719064 0.0 176542.02712878326
gen_n40_m220_k3SAT_seed1167147743.cnf-1972243328498820781.result 0.9687578263308735 0.0 126.8187518321974
gen_n40_m220_k3SAT_seed110121578.cnf-3548718614943783908.result 0.9961742604552641 0.0 115.46056451485309
gen_n40_m220_k3SAT_seed2751736756.cnf8858388720320256076.result 2.0377122314046194 0.0 901547.6800912624
gen_n40_m220_k3SAT_seed707889030.cnf-5887442387461247545.result 2.7581348512498858 0.0 1587464.4734815853
gen_n40_m220_k3SAT_seed456053775.cnf2732543468168082672.result 1.8789226136954333 0.0 5302922.701425387
gen_n40_m220_k3SAT_seed3983477514.cnf3957050237928292491.result 0.8186383274569627 0.0 93.39906521900728
gen_n40_m220_k3SAT_seed3560184494.cnf-1888123790579094817.result 1.760129289780367 0.0 396935.81635369983
gen_n40_m220_k3SAT_seed3348981652.cnf-1723267064515503662.result 0.9396572701154047 0.0 119.84061603554355
gen_n40_m220_k3SAT_seed1124077025.cnf-4032891713900544511.result 0.951590041630143 0.0 151.31564452819646
gen_n40_m220_k3SAT_seed2305023087.cnf6397606787269087336.result 0.6756182235340595 0.0 68.28803678025484
gen_n40_m220_k3SAT_seed1188342907.cnf-8779789185556398632.result 2.44623857892876 0.0 706487.0002269784
