gen_n80_m416_k3SAT_seed726208581.cnf2635401424634701702.result 0.006666666666666667 0.9933333333333333 150.0 128092149.95637584
gen_n80_m416_k3SAT_seed4106135924.cnf4192339126026549079.result 0.02 0.98 120.16666666666667 80593885.1904762
gen_n80_m416_k3SAT_seed478163328.cnf4527320925905780494.result 0.04666666666666667 0.9533333333333334 610.8571428571429 3465702.972027972
gen_n80_m416_k3SAT_seed3184935164.cnf-8478177725643278359.result 1.0 172.5
gen_n80_m416_k3SAT_seed1181241944.cnf197092594700490712.result 0.02 0.98 304.0 220353.5918367347
gen_n80_m416_k3SAT_seed1051802513.cnf-6947711303906420817.result 0.03666666666666667 0.9633333333333334 175.0 8209959.197231834
gen_n80_m416_k3SAT_seed958682847.cnf4014050679668805482.result 0.10333333333333333 0.8966666666666666 278.741935483871 23913.40148698885
gen_n80_m416_k3SAT_seed242886304.cnf-3732566698914955246.result 0.04 0.96 323.75 624944.25
gen_n80_m416_k3SAT_seed599310826.cnf7277626163180921831.result 0.02666666666666667 0.9733333333333334 817.875 715140.9589041095
gen_n80_m416_k3SAT_seed364522462.cnf1984399775966938045.result 0.25333333333333335 0.7466666666666667 385.5263157894737 11735.736607142857
gen_n80_m416_k3SAT_seed393353684.cnf4922087800915839297.result 0.023333333333333334 0.9766666666666667 162.0 3607611.7337883958
gen_n80_m416_k3SAT_seed3163119786.cnf3284532136690698432.result 0.01 0.99 152.66666666666666 4787767.875420876
gen_n80_m416_k3SAT_seed3707026330.cnf-1242154850040055071.result 0.07333333333333333 0.9266666666666666 570.4090909090909 157198.56115107914
gen_n80_m416_k3SAT_seed1550730040.cnf-5737022616514124899.result 0.04666666666666667 0.9533333333333334 207.71428571428572 22229264.751748253
gen_n80_m416_k3SAT_seed440213416.cnf-482677293272704124.result 1.0 3823.8033333333333
gen_n80_m416_k3SAT_seed2746317214.cnf2970725011242582564.result 1.0 15177.976666666667
gen_n80_m416_k3SAT_seed107420370.cnf3407244680303549079.result 0.04666666666666667 0.9533333333333334 345.07142857142856 1685014.583916084
gen_n80_m416_k3SAT_seed3646664649.cnf604385173014026742.result 0.013333333333333334 0.9866666666666667 276.5 14128780.60472973
gen_n80_m416_k3SAT_seed4070888060.cnf-8219730010323887042.result 0.04 0.96 221.08333333333334 359392.4583333333
gen_n80_m416_k3SAT_seed3588440357.cnf2282308979980076241.result 0.04 0.96 3206.25 405466.66319444444
