gen_n80_m416_k3SAT_seed726208581.cnf2635401424634701702.result 1.5991330753046917 0.0 70348383.89853607
gen_n80_m416_k3SAT_seed4106135924.cnf4192339126026549079.result 2.119068759578447 0.0 38569894.718839005
gen_n80_m416_k3SAT_seed478163328.cnf4527320925905780494.result 2.204489513885753 0.0 1276819.775663756
gen_n80_m416_k3SAT_seed3184935164.cnf-8478177725643278359.result 0.5828209620973641 0.0 143.95431733991597
gen_n80_m416_k3SAT_seed1181241944.cnf197092594700490712.result 1.4493478563373667 0.0 115118.01831543745
gen_n80_m416_k3SAT_seed1051802513.cnf-6947711303906420817.result 2.28232847251603 0.0 3249088.2115624645
gen_n80_m416_k3SAT_seed958682847.cnf4014050679668805482.result 1.7011470314157828 0.0 9188.344017369727
gen_n80_m416_k3SAT_seed242886304.cnf-3732566698914955246.result 1.8569039307816695 0.0 258986.39797901848
gen_n80_m416_k3SAT_seed599310826.cnf7277626163180921831.result 1.6122353295510785 0.0 338383.5772131277
gen_n80_m416_k3SAT_seed364522462.cnf1984399775966938045.result 1.62549733960405 0.0 3506.599483330312
gen_n80_m416_k3SAT_seed393353684.cnf4922087800915839297.result 1.854804070937591 0.0 1684222.9498180589
gen_n80_m416_k3SAT_seed3163119786.cnf3284532136690698432.result 1.5367011463486193 0.0 2612442.765351403
gen_n80_m416_k3SAT_seed3707026330.cnf-1242154850040055071.result 1.7547516101928928 0.0 65666.62465301249
gen_n80_m416_k3SAT_seed1550730040.cnf-5737022616514124899.result 2.6610435604313536 0.0 7500847.705358322
gen_n80_m416_k3SAT_seed440213416.cnf-482677293272704124.result 1.0982812588994648 0.0 2302.5710769718935
gen_n80_m416_k3SAT_seed2746317214.cnf2970725011242582564.result 1.3595812758767454 0.0 7795.306417089015
gen_n80_m416_k3SAT_seed107420370.cnf3407244680303549079.result 2.128942631817785 0.0 646591.7187328574
gen_n80_m416_k3SAT_seed3646664649.cnf604385173014026742.result 1.696210397222588 0.0 7324142.052979144
gen_n80_m416_k3SAT_seed4070888060.cnf-8219730010323887042.result 1.852254557546753 0.0 153320.75192796986
gen_n80_m416_k3SAT_seed3588440357.cnf2282308979980076241.result 1.5097835213275252 0.0 190355.63477833415
