gen_n90_m468_k3SAT_seed3667190761.cnf6369536748456593569.result 0.12666666666666668 0.8733333333333333 870.7105263157895 86120.09541984733
gen_n90_m468_k3SAT_seed3181143732.cnf2210640064016022649.result 0.0033333333333333335 0.9966666666666667 151.0 190265.83277591973
gen_n90_m468_k3SAT_seed3160967033.cnf-3885946778914901141.result 0.023333333333333334 0.9766666666666667 188.42857142857142 2872909.071672355
gen_n90_m468_k3SAT_seed2876470160.cnf4669134422043192783.result 1.0 49977045.07
gen_n90_m468_k3SAT_seed1323436025.cnf2415159511374002512.result 0.013333333333333334 0.9866666666666667 517.0 18032601.097972974
gen_n90_m468_k3SAT_seed3474465536.cnf-4207229748818975922.result 1.0 397.3566666666667
gen_n90_m468_k3SAT_seed127978095.cnf7969120158891947125.result 0.006666666666666667 0.9933333333333333 492.5 15076976.520134227
gen_n90_m468_k3SAT_seed911472862.cnf-5080468296170664052.result 0.013333333333333334 0.9866666666666667 219.75 11325930.58445946
gen_n90_m468_k3SAT_seed2606193618.cnf8632204248734705820.result 0.07 0.93 1018.7619047619048 1052692.8387096773
gen_n90_m468_k3SAT_seed153478261.cnf1068542733276067562.result 1.0 41930.89666666667
gen_n90_m468_k3SAT_seed2536146026.cnf-7519275600551226667.result 0.016666666666666666 0.9833333333333333 250.2 1788108.2237288135
gen_n90_m468_k3SAT_seed402418011.cnf3813634057487595412.result 0.016666666666666666 0.9833333333333333 242.6 45904774.11525424
gen_n90_m468_k3SAT_seed136505588.cnf4300965142756182089.result 0.04666666666666667 0.9533333333333334 325.2857142857143 148425.67132867133
gen_n90_m468_k3SAT_seed373399427.cnf-6410673298797731886.result 0.0033333333333333335 0.9966666666666667 147.0 90411168.37458193
gen_n90_m468_k3SAT_seed2602510383.cnf8491224288030550610.result 0.05 0.95 347.8 1174588.8631578947
gen_n90_m468_k3SAT_seed1812140442.cnf-2030825140507191061.result 1.0 4027.1
gen_n90_m468_k3SAT_seed2342331445.cnf707006413279611759.result 0.013333333333333334 0.9866666666666667 287.5 237632498.23986486
gen_n90_m468_k3SAT_seed2906402158.cnf-6360924135797636003.result 0.06666666666666667 0.9333333333333333 441.0 798935.475
gen_n90_m468_k3SAT_seed3831882065.cnf-289193436830779917.result 0.03 0.97 328.44444444444446 523301.3402061856
gen_n90_m468_k3SAT_seed1080542041.cnf933907405491483939.result 0.05 0.95 239.13333333333333 1737017.747368421
