gen_n90_m468_k3SAT_seed3667190761.cnf6369536748456593569.result 1.807240393960082 0.0 29487.30736564803
gen_n90_m468_k3SAT_seed3181143732.cnf2210640064016022649.result 1.2464134267670233 0.0 114565.95134229425
gen_n90_m468_k3SAT_seed3160967033.cnf-3885946778914901141.result 1.8260196136407425 0.0 1406052.3245075073
gen_n90_m468_k3SAT_seed2876470160.cnf4669134422043192783.result 1.2981067074993644 0.0 27460703.104559306
gen_n90_m468_k3SAT_seed1323436025.cnf2415159511374002512.result 1.7252845543182855 0.0 8369629.087080247
gen_n90_m468_k3SAT_seed3474465536.cnf-4207229748818975922.result 0.6359825125996915 0.0 325.3714876607934
gen_n90_m468_k3SAT_seed127978095.cnf7969120158891947125.result 1.5246570488486997 0.0 7761164.083153737
gen_n90_m468_k3SAT_seed911472862.cnf-5080468296170664052.result 1.6963145749001396 0.0 5839621.147534458
gen_n90_m468_k3SAT_seed2606193618.cnf8632204248734705820.result 2.1095077899904693 0.0 411144.861325418
gen_n90_m468_k3SAT_seed153478261.cnf1068542733276067562.result 1.5390869969057577 0.0 19505.40479610131
gen_n90_m468_k3SAT_seed2536146026.cnf-7519275600551226667.result 1.7277493383752507 0.0 829429.2728145218
gen_n90_m468_k3SAT_seed402418011.cnf3813634057487595412.result 1.9209496595425577 0.0 21526221.65032093
gen_n90_m468_k3SAT_seed136505588.cnf4300965142756182089.result 1.6768271172552525 0.0 66264.40729108744
gen_n90_m468_k3SAT_seed373399427.cnf-6410673298797731886.result 1.4487590508102626 0.0 48072010.21629404
gen_n90_m468_k3SAT_seed2602510383.cnf8491224288030550610.result 2.0915721072559497 0.0 450381.8208264195
gen_n90_m468_k3SAT_seed1812140442.cnf-2030825140507191061.result 1.1560682608760438 0.0 2277.8409769312166
gen_n90_m468_k3SAT_seed2342331445.cnf707006413279611759.result 1.9892286934024384 0.0 110457867.889222
gen_n90_m468_k3SAT_seed2906402158.cnf-6360924135797636003.result 2.140100075845531 0.0 288019.59898154996
gen_n90_m468_k3SAT_seed3831882065.cnf-289193436830779917.result 1.6931013780965922 0.0 245057.46567703833
gen_n90_m468_k3SAT_seed1080542041.cnf933907405491483939.result 2.241338393507413 0.0 650767.460526725
