gen_n70_m385_k3SAT_seed3774472249.cnf-1075813735198997759.result 0.006666666666666667 0.9933333333333333 172.0 116670054.00671141
gen_n70_m385_k3SAT_seed2554429720.cnf-4941710932145227910.result 0.0033333333333333335 0.9966666666666667 114.0 37504474513.50167
gen_n70_m385_k3SAT_seed1664766191.cnf5896484997878560092.result 0.01 0.99 153.33333333333334 161788473.96296296
gen_n70_m385_k3SAT_seed4112418595.cnf4769385499542162193.result 1.0 225.08
gen_n70_m385_k3SAT_seed3952042576.cnf1427038009591318183.result 0.006666666666666667 0.9933333333333333 103.5 1934310613.9127517
gen_n70_m385_k3SAT_seed183777491.cnf-2900537060362111313.result 0.0033333333333333335 0.9966666666666667 336235.0 918111732.0200669
gen_n70_m385_k3SAT_seed3338197567.cnf-8170869950361327637.result 1.0 211.28666666666666
gen_n70_m385_k3SAT_seed2675342406.cnf-3442411161417141305.result 1.0 219.20333333333335
gen_n70_m385_k3SAT_seed133194447.cnf6184334798486509461.result 1.0 177.92
gen_n70_m385_k3SAT_seed3350403034.cnf-7650598155209059322.result 0.9766666666666667 0.023333333333333334 262.42320819112626 1536.142857142857
gen_n70_m385_k3SAT_seed3537208388.cnf5243884253718891479.result 0.006666666666666667 0.9933333333333333 86.5 347425532.6208054
gen_n70_m385_k3SAT_seed275012946.cnf-8147869362445565337.result 1.0 57972188.13
gen_n70_m385_k3SAT_seed1157200205.cnf-9018851060613051841.result 1.0 101.42333333333333
gen_n70_m385_k3SAT_seed3256574099.cnf1896974496057253191.result 1.0 27757349728.906666
gen_n70_m385_k3SAT_seed3087325217.cnf882146759164402004.result 0.01 0.99 7954321.0 12699270319.841751
gen_n70_m385_k3SAT_seed2030441879.cnf992448233232938324.result 1.0 399.3566666666667
gen_n70_m385_k3SAT_seed3717411169.cnf-5375367648977683923.result 1.0 209.74333333333334
gen_n70_m385_k3SAT_seed684617509.cnf-2783026025528108869.result 1.0 237.08666666666667
gen_n70_m385_k3SAT_seed1293934752.cnf9192676079737912910.result 1.0 100864622372.58667
gen_n70_m385_k3SAT_seed2538753387.cnf-1853751166036248976.result 0.006666666666666667 0.9933333333333333 102.0 19628123.55033557
