gen_n70_m385_k3SAT_seed3774472249.cnf-1075813735198997759.result 1.7678103709248265 0.0 54315157.991078824
gen_n70_m385_k3SAT_seed2554429720.cnf-4941710932145227910.result 1.65642391012946 0.0 20755296851.45558
gen_n70_m385_k3SAT_seed1664766191.cnf5896484997878560092.result 1.7777794844753074 0.0 84639082.56285825
gen_n70_m385_k3SAT_seed4112418595.cnf4769385499542162193.result 0.6765637790865155 0.0 178.02091500261108
gen_n70_m385_k3SAT_seed3952042576.cnf1427038009591318183.result 1.8596764212442438 0.0 982781105.5537095
gen_n70_m385_k3SAT_seed183777491.cnf-2900537060362111313.result 1.2784089847847275 0.0 535100879.5449603
gen_n70_m385_k3SAT_seed3338197567.cnf-8170869950361327637.result 0.6523450200058708 0.0 169.77919755008224
gen_n70_m385_k3SAT_seed2675342406.cnf-3442411161417141305.result 0.6818398057710691 0.0 174.00916968187542
gen_n70_m385_k3SAT_seed133194447.cnf6184334798486509461.result 0.5670732457796821 0.0 151.42442936664102
gen_n70_m385_k3SAT_seed3350403034.cnf-7650598155209059322.result 0.8252986130450654 0.0 202.1159637470602
gen_n70_m385_k3SAT_seed3537208388.cnf5243884253718891479.result 1.7062449441024794 0.0 188163606.3815687
gen_n70_m385_k3SAT_seed275012946.cnf-8147869362445565337.result 1.3071774023746403 0.0 31862272.647449117
gen_n70_m385_k3SAT_seed1157200205.cnf-9018851060613051841.result 0.512909148866576 0.0 88.18593554565538
gen_n70_m385_k3SAT_seed3256574099.cnf1896974496057253191.result 1.347425765776019 0.0 14676767900.054361
gen_n70_m385_k3SAT_seed3087325217.cnf882146759164402004.result 1.486821006777559 0.0 6423962232.266256
gen_n70_m385_k3SAT_seed2030441879.cnf992448233232938324.result 0.7208028206891679 0.0 306.74780669219786
gen_n70_m385_k3SAT_seed3717411169.cnf-5375367648977683923.result 0.6424959311923177 0.0 170.29665836445974
gen_n70_m385_k3SAT_seed684617509.cnf-2783026025528108869.result 0.6905392287620005 0.0 183.5559855721117
gen_n70_m385_k3SAT_seed1293934752.cnf9192676079737912910.result 1.2538159681883334 0.0 55071735520.32011
gen_n70_m385_k3SAT_seed2538753387.cnf-1853751166036248976.result 1.6405934212814508 0.0 9567540.480973486
