gen_n220_m946_k3SAT_seed2163334659.cnf-1460924764560292630.result 0.724367971723934 0.0 3079.012832644125
gen_n220_m946_k3SAT_seed3832864776.cnf-2505168409637228007.result 0.6777137192974124 0.0 1052.668608174984
gen_n220_m946_k3SAT_seed2997502133.cnf-7605443410509877990.result 0.6588318720781717 0.0 1140.8334338938491
gen_n220_m946_k3SAT_seed1307063375.cnf-3107323726158618094.result 0.5892177148722756 0.0 754.9428052403267
gen_n220_m946_k3SAT_seed2768414827.cnf-9047831704729027925.result 0.7205827148419729 0.0 1756.13319288691
gen_n220_m946_k3SAT_seed2530408929.cnf-8584035922013537309.result 0.5758665844714508 0.0 906.75293217405
gen_n220_m946_k3SAT_seed3459617285.cnf-557355440073303400.result 0.7352058660568412 0.0 2810.6181483423384
gen_n220_m946_k3SAT_seed513612264.cnf5303149917146901604.result 0.8303192226088201 0.0 8590.47781302722
gen_n220_m946_k3SAT_seed1552099922.cnf2210090384517732034.result 1.1451044576967775 0.0 7876.972109162511
gen_n220_m946_k3SAT_seed1051819048.cnf-3557098175312311170.result 0.760843529299352 0.0 1920.054722767895
gen_n220_m946_k3SAT_seed3935451372.cnf-8232666893757350271.result 0.8250053783500685 0.0 2555.289586409248
gen_n220_m946_k3SAT_seed2720769240.cnf8202299157563583489.result 0.9982652358210354 0.0 4967.637985990774
gen_n220_m946_k3SAT_seed2584484727.cnf7866421772423395565.result 0.7305283672035217 0.0 1853.7777502757597
gen_n220_m946_k3SAT_seed2148158613.cnf2697257049493821831.result 0.6550200639997419 0.0 1413.0257336734749
gen_n220_m946_k3SAT_seed4166258070.cnf-553762430830543533.result 1.1267369175250017 0.0 10484.080439297888
gen_n220_m946_k3SAT_seed4193498716.cnf6240971293665358222.result 0.8057754149349877 0.0 2245.9631816577157
gen_n220_m946_k3SAT_seed1534933776.cnf6660835671821005318.result 0.9989328333657811 0.0 8206.421427402292
gen_n220_m946_k3SAT_seed1845498498.cnf4978902584473534346.result 0.6985731562719953 0.0 2363.924326580707
gen_n220_m946_k3SAT_seed122071483.cnf-4375061980915577559.result 1.3914916042129482 0.0 16394.236119364352
gen_n220_m946_k3SAT_seed385204719.cnf-1701399539761909824.result 0.7830356829064846 0.0 2963.487419161763
