gen_n100_m520_k3SAT_seed3694720282.cnf1379702528838389824.result 1.0 105341.09
gen_n100_m520_k3SAT_seed2925930102.cnf-2635596377894034055.result 0.07 0.93 507.57142857142856 7683887.498207885
gen_n100_m520_k3SAT_seed939042956.cnf-974081879987450628.result 0.016666666666666666 0.9833333333333333 425.6 1583709913.440678
gen_n100_m520_k3SAT_seed3105313243.cnf-232044660012457795.result 0.006666666666666667 0.9933333333333333 241.0 7042012.291946309
gen_n100_m520_k3SAT_seed854001194.cnf-1109287713991315740.result 0.023333333333333334 0.9766666666666667 209.85714285714286 7704265.4778157
gen_n100_m520_k3SAT_seed2791232394.cnf-594798593157429144.result 0.016666666666666666 0.9833333333333333 385.0 295983914.68813556
gen_n100_m520_k3SAT_seed2742213520.cnf-260524486875061426.result 0.29333333333333333 0.7066666666666667 975.4545454545455 75866.62264150943
gen_n100_m520_k3SAT_seed999270937.cnf-1160629452687687109.result 0.01 0.99 226.0 119736585.77441077
gen_n100_m520_k3SAT_seed2170484434.cnf7564655870752979346.result 0.0033333333333333335 0.9966666666666667 24307.0 13453067.662207358
gen_n100_m520_k3SAT_seed1690206282.cnf-4959463499243013640.result 0.016666666666666666 0.9833333333333333 188.0 54079610.24067797
gen_n100_m520_k3SAT_seed2585650757.cnf6137546356583794141.result 0.02666666666666667 0.9733333333333334 346.25 62169963.27739726
gen_n100_m520_k3SAT_seed2410529191.cnf3831662765844904176.result 0.01 0.99 735.6666666666666 23072755.208754208
gen_n100_m520_k3SAT_seed3012167821.cnf112842269129291794.result 0.03 0.97 524.0 7524113.47766323
gen_n100_m520_k3SAT_seed1849712020.cnf-1817970389778669801.result 0.07 0.93 646.6190476190476 717187.6415770609
gen_n100_m520_k3SAT_seed680249218.cnf-930024639575167394.result 0.023333333333333334 0.9766666666666667 426.57142857142856 36937519.37201365
gen_n100_m520_k3SAT_seed113971124.cnf-4964420948893066024.result 0.02 0.98 918.5 693227.1292517007
gen_n100_m520_k3SAT_seed2496252241.cnf9164759175887871693.result 0.01 0.99 262.0 48573656.764309764
gen_n100_m520_k3SAT_seed3075280818.cnf-669528114487223426.result 0.013333333333333334 0.9866666666666667 615.5 17501705.662162162
gen_n100_m520_k3SAT_seed4293759542.cnf-4737903668696581858.result 0.03666666666666667 0.9633333333333334 276.90909090909093 12753950.207612457
gen_n100_m520_k3SAT_seed3451733972.cnf4208771028339098860.result 0.023333333333333334 0.9766666666666667 214.0 28408.962457337882
