gen_n100_m520_k3SAT_seed3694720282.cnf1379702528838389824.result 1.423511168979147 0.0 55039.80411305975
gen_n100_m520_k3SAT_seed2925930102.cnf-2635596377894034055.result 2.667466933650881 0.0 2216693.1303193406
gen_n100_m520_k3SAT_seed939042956.cnf-974081879987450628.result 2.251302096391468 0.0 723025272.9080268
gen_n100_m520_k3SAT_seed3105313243.cnf-232044660012457795.result 1.5710125520120404 0.0 3505105.63062663
gen_n100_m520_k3SAT_seed854001194.cnf-1109287713991315740.result 1.9717042717811637 0.0 3350712.286966685
gen_n100_m520_k3SAT_seed2791232394.cnf-594798593157429144.result 2.053259463164782 0.0 144222382.2338693
gen_n100_m520_k3SAT_seed2742213520.cnf-260524486875061426.result 2.106014084207304 0.0 14060.897125902897
gen_n100_m520_k3SAT_seed999270937.cnf-1160629452687687109.result 1.8480137514462696 0.0 57088681.85038445
gen_n100_m520_k3SAT_seed2170484434.cnf7564655870752979346.result 1.3642908442509047 0.0 7474508.00538171
gen_n100_m520_k3SAT_seed1690206282.cnf-4959463499243013640.result 1.971271942192443 0.0 25961622.133039657
gen_n100_m520_k3SAT_seed2585650757.cnf6137546356583794141.result 2.261563836049857 0.0 25794923.17661018
gen_n100_m520_k3SAT_seed2410529191.cnf3831662765844904176.result 1.5875843012008093 0.0 11998508.076907193
gen_n100_m520_k3SAT_seed3012167821.cnf112842269129291794.result 1.991358998324017 0.0 3086567.2253827373
gen_n100_m520_k3SAT_seed1849712020.cnf-1817970389778669801.result 2.041510459851343 0.0 271604.91008623264
gen_n100_m520_k3SAT_seed680249218.cnf-930024639575167394.result 2.043713694412662 0.0 16707911.206505382
gen_n100_m520_k3SAT_seed113971124.cnf-4964420948893066024.result 1.5518053526925213 0.0 341805.18028905423
gen_n100_m520_k3SAT_seed2496252241.cnf9164759175887871693.result 1.7867220297017226 0.0 22990628.009741478
gen_n100_m520_k3SAT_seed3075280818.cnf-669528114487223426.result 1.7043538745177504 0.0 8536523.731782107
gen_n100_m520_k3SAT_seed4293759542.cnf-4737903668696581858.result 2.310945930895339 0.0 4987597.888934086
gen_n100_m520_k3SAT_seed3451733972.cnf4208771028339098860.result 1.4716449640107396 0.0 13601.339593722296
